3.99638
4.01972
4.03353
4.05294
4.04919
4.05307
4.03942
4.03244
4.00977
3.98398
3.94924
3.91864
3.87604
3.84646
3.80799
3.78566
3.76483
3.73623
3.72161
3.71421
3.71114
3.71267
3.72290
3.73201
3.75661
3.76788
3.78556
3.81244
3.84377
3.86656
3.89547
3.90928
3.93047
3.94450
3.95866
3.96548
3.97075
3.97019
3.96589
3.95952
3.94615
3.93144
3.91313
3.88722
3.86919
3.84798
3.82231
3.81296
3.78876
3.77816
3.76296
3.76255
3.76763
3.76402
3.77700
3.79138
3.81120
3.82883
3.83517
3.86345
3.89336
3.91018
3.93914
3.95842
3.97496
3.98866
4.00511
4.01314
4.01383
4.01406
4.00138
3.99270
3.96715
3.95040
3.92680
3.90034
3.86371
3.82906
3.79219
3.76148
3.73102
3.69141
3.67149
3.64273
3.61793
3.59527
3.58287
3.56961
3.56633
3.55754
3.56504
3.55779
3.56202
3.56811
3.57183
3.57553
3.57868
3.58181
3.57699
3.57251
3.56837
3.55671
3.54552
3.53349
3.51072
3.50127
3.49478
3.47611
3.47250
3.46582
3.46186
3.45386
3.46032
3.45478
3.45549
3.46465
3.48551
3.49938
3.51190
3.53393
3.54966
3.57860
3.60629
3.62451
3.64397
3.67061
3.68798
3.69907
3.70467
3.71037
3.69952
3.70004
3.68382
3.67286
3.65625
3.63826
3.61042
3.58300
3.55933
3.53526
3.51594
3.49897
3.47655
3.47058
3.46081
3.45097
3.45136
3.46365
3.46469
3.48374
3.49622
3.51820
3.53131
3.55848
3.58056
3.59611
3.61932
3.63794
3.66276
3.67828
3.70837
3.72303
3.74529
3.75240
3.76714
3.78392
3.79605
3.79975
3.80981
3.80933
3.81656
3.82091
3.82096
3.83438
3.84870
3.86023
3.87027
3.87878
3.88085
3.88858
3.89755
3.90874
3.91206
3.93168
3.94335
3.95572
3.97794
3.99453
4.00940
4.03032
4.04663
4.06573
4.08430
4.09724
4.10581
4.13216
4.15753
4.17330
4.18939
4.19199
4.19824
4.21477
4.21870
4.22501
4.22638
4.23576
4.24170
4.24344
4.25268
4.26109
4.25921
4.26430
4.26551
4.26761
4.26607
4.27093
4.27311
4.27850
4.27608
4.28628
4.29293
4.29650
4.30797
4.31162
4.31469
4.32017
4.32029
4.32553
4.32134
4.31113
4.29400
4.28537
4.27027
4.25817
4.24811
4.23886
4.22933
4.21873
4.20280
4.16429
4.11557
4.07439
4.03749
4.00570
3.98563
3.98362
3.98946
4.01135
4.04734
4.09699
4.14826
4.13962
4.11663
4.09549
4.07939
4.07060
4.06361
4.05755
4.04951
4.05209
4.04768
4.05194
4.05532
4.05738
4.06631
4.07590
4.08545
4.10347
4.12455
4.15180
4.17971
4.17544
4.16046
4.15882
4.16811
4.17751
4.19312
4.20580
4.20920
4.21659
4.21668
4.21824
4.22243
4.22724
4.23669
4.24400
4.24261
4.21261
4.17239
4.13845
4.09601
4.06365
4.01155
3.97542
3.93590
3.89993
3.87354
3.85867
3.83722
3.83261
3.83385
3.82884
3.83531
3.84961
3.86296
3.87644
3.89718
3.91913
3.95357
3.97996
4.00603
4.03885
4.06791
4.09460
4.10011
4.12168
4.12865
4.12851
4.12204
4.10427
4.08910
4.06921
4.04878
4.03129
4.01847
4.00998
3.99654
3.98126
3.97021
3.95489
3.95414
3.95084
3.95057
3.96698
3.98037
3.99332
4.01108
4.02977
4.04990
4.06744
4.08549
4.07300
4.06047
4.04473
4.03968
4.03507
4.04249
4.04375
4.05894
4.07597
4.09659
4.12679
4.15250
4.17612
4.18015
4.16455
4.15934
4.14824
4.12855
4.12335
4.11156
4.10549
4.09175
4.08701
4.08062
4.08127
4.07584
4.07191
4.07161
4.07567
4.07937
4.08986
4.08448
4.09106
4.09914
4.10574
4.11635
4.11632
4.12597
4.13666
4.14963
4.16121
4.17500
4.18995
4.20005
4.20907
4.21475
4.22736
4.23816
4.25403
4.26249
4.26477
4.26816
4.26135
4.21736
4.17287
4.12829
4.08424
4.04061
4.00949
3.98602
3.96938
3.97211
3.97855
3.99805
4.02704
4.07250
4.12242
4.17827
4.22607
4.25694
4.27512
4.28968
4.29812
4.31079
4.28607
4.25371
4.21981
4.17850
4.13900
4.10141
4.07050
4.03519
4.01682
3.97719
3.94848
3.93267
3.90926
3.90212
3.89966
3.88990
3.90212
3.91622
3.92869
3.95151
3.97365
3.99662
4.01307
4.04408
4.06418
4.08723
4.10559
4.11828
4.12709
4.13086
4.12424
4.11610
4.11117
4.08850
4.05967
4.03301
3.99927
3.96401
3.95006
3.92346
3.91214
3.89492
3.88923
3.89139
3.89154
3.90333
3.91325
3.94634
3.98060
4.02527
4.07264
4.11580
4.15763
4.19399
4.22739
4.26086
4.29116
4.27484
4.23715
4.19945
4.16101
4.11827
4.08716
4.06157
4.04165
4.03312
4.02857
4.03722
4.05336
4.07471
4.10348
4.13272
4.15500
4.17394
4.18885
4.20184
4.21260
4.21620
4.21655
4.20564
4.19452
4.17314
4.15610
4.13259
4.11152
4.08883
4.06836
4.04277
4.02488
4.00792
3.99338
3.98348
3.97883
3.97584
3.98077
3.98762
3.99644
4.00951
4.02812
4.05061
4.07649
4.10264
4.08957
4.07533
4.04512
4.02448
4.00136
3.98583
3.98253
3.97980
3.98413
3.98976
3.99669
4.00563
4.01803
4.02163
4.03239
4.03380
4.03860
4.04574
4.04003
4.02033
4.00941
3.98452
3.95204
3.91832
3.88048
3.83214
3.78590
3.73638
3.67873
3.63158
3.56874
3.52037
3.47148
3.42105
3.37612
3.33523
3.31135
3.28643
3.27198
3.25210
3.24595
3.23811
3.24318
3.24637
3.25871
3.27752
3.29793
3.32568
3.35442
3.38982
3.41891
3.44509
3.47564
3.50774
3.53053
3.54636
3.55512
3.57775
3.58090
3.58824
3.58070
3.57341
3.56106
3.54470
3.52670
3.50076
3.47616
3.45371
3.43910
3.41900
3.40771
3.39741
3.38808
3.38865
3.38578
3.38900
3.38926
3.38831
3.39868
3.39834
3.39098
3.40228
3.41293
3.42180
3.41932
3.42528
3.42728
3.42577
3.42367
3.42050
3.41827
3.41065
3.40637
3.39861
3.39730
3.39542
3.39144
3.38665
3.39102
3.40105
3.41039
3.42361
3.44149
3.45645
3.47809
3.50154
3.53341
3.55563
3.58366
3.60663
3.63207
3.65918
3.69174
3.71455
3.73102
3.74778
3.75561
3.76712
3.76796
3.76693
3.75828
3.74920
3.74060
3.72805
3.70331
3.68125
3.65053
3.63091
3.61569
3.59778
3.58481
3.58193
3.57796
3.57354
3.59009
3.59896
3.61969
3.64122
3.66437
3.68999
3.72546
3.76773
3.79540
3.82503
3.85941
3.88429
3.90698
3.93247
3.93184
3.94984
3.94480
3.94936
3.93100
3.92236
3.89494
3.87015
3.83149
3.80178
3.76153
3.71968
3.67621
3.64019
3.59914
3.58002
3.55601
3.54243
3.53360
3.53892
3.53710
3.54737
3.56022
3.58515
3.60275
3.62208
3.65324
3.67324
3.70241
3.73206
3.75536
3.77204
3.78931
3.80770
3.81326
3.82222
3.81686
3.81542
3.79888
3.79851
3.77862
3.75876
3.74044
3.72203
3.69379
3.67352
3.64891
3.61778
3.59753
3.58219
3.56016
3.55711
3.54291
3.53556
3.53398
3.53157
3.52954
3.52246
3.53364
3.55034
3.55949
3.56788
3.58630
3.59970
3.61703
3.64389
3.65566
3.67278
3.69320
3.70100
3.71471
3.71449
3.72030
3.71853
3.71359
3.71070
3.69590
3.68798
3.67144
3.65534
3.64684
3.62930
3.61161
3.60498
3.58255
3.57867
3.56409
3.55706
3.56026
3.55803
3.55786
3.56121
3.56407
3.58598
3.59803
3.60837
3.62088
3.62717
3.63884
3.65271
3.65951
3.65720
3.64912
3.63561
3.62656
3.60886
3.58525
3.55625
3.53342
3.50483
3.47581
3.45470
3.42969
3.41241
3.38682
3.37038
3.35702
3.34759
3.34197
3.34237
3.34611
3.36232
3.36150
3.37946
3.38857
3.40941
3.42252
3.44313
3.46368
3.48111
3.49041
3.50714
3.51718
3.51878
3.52277
3.52453
3.51578
3.51984
3.51103
3.49866
3.48581
3.46516
3.45298
3.43390
3.41895
3.39701
3.38462
3.37742
3.36456
3.35665
3.35920
3.35237
3.35376
3.36538
3.37502
3.38765
3.40111
3.41530
3.42732
3.44702
3.46031
3.47238
3.48361
3.48651
3.48851
3.48377
3.46810
3.45639
3.43857
3.41160
3.38297
3.34890
3.31772
3.28035
3.24255
3.20019
3.16660
3.13417
3.10731
3.08201
3.07312
3.05136
3.04414
3.04058
3.04976
3.05537
3.07595
3.09425
3.12137
3.15277
3.19311
3.23088
3.27181
3.31074
3.34996
3.39503
3.43194
3.47157
3.50099
3.53371
3.55628
3.56057
3.57161
3.56780
3.56336
3.54866
3.52167
3.49993
3.46601
3.44434
3.41608
3.39128
3.37279
3.36015
3.35104
3.34594
3.35101
3.35271
3.36228
3.38023
3.39524
3.42518
3.46369
3.49924
3.53961
3.57763
3.61807
3.64867
3.67380
3.69987
3.72155
3.73148
3.74414
3.74092
3.73940
3.72732
3.70347
3.67706
3.64588
3.61583
3.58537
3.56172
3.53893
3.51847
3.49658
3.50082
3.49506
3.50403
3.51690
3.53041
3.54940
3.57975
3.61866
3.64940
3.68848
3.73032
3.76261
3.79892
3.83468
3.86223
3.89076
3.90850
3.92232
3.92554
3.93042
3.91628
3.89942
3.88212
3.85406
3.82003
3.78969
3.76007
3.71970
3.68985
3.67199
3.64198
3.61915
3.60432
3.59314
3.59031
3.59061
3.59229
3.59526
3.61666
3.62098
3.64327
3.66000
3.68538
3.70257
3.72361
3.73718
3.74774
3.75076
3.74989
3.74156
3.72635
3.70608
3.68208
3.65216
3.62434
3.58238
3.54795
3.50810
3.46669
3.43211
3.39597
3.36763
3.34251
3.32596
3.30949
3.29407
3.29996
3.30259
3.31085
3.33422
3.36173
3.39803
3.43703
3.47519
3.51224
3.53881
3.58150
3.60803
3.62257
3.64708
3.66077
3.66615
3.67028
3.66088
3.64648
3.62353
3.60088
3.57141
3.53728
3.49590
3.45538
3.40711
3.36323
3.31699
3.27758
3.23787
3.20522
3.17823
3.14689
3.13314
3.12451
3.11222
3.12087
3.12264
3.13950
3.15271
3.17316
3.19811
3.21190
3.23789
3.26514
3.29091
3.29572
3.30818
3.30886
3.30178
3.28952
3.27061
3.24824
3.21269
3.17164
3.12493
3.07389
3.02614
2.97707
2.93601
2.88748
2.85821
2.82338
2.80414
2.79711
2.79261
2.80244
2.82463
2.85124
2.88850
2.93343
2.97371
3.01788
3.07148
3.11676
3.17506
3.22166
3.26335
3.30439
3.33379
3.36437
3.38300
3.39218
3.39285
3.39062
3.37895
3.35320
3.32965
3.30007
3.27002
3.23642
3.19601
3.16601
3.14044
3.11345
3.10275
3.09059
3.09061
3.08735
3.09186
3.10589
3.12762
3.15923
3.18537
3.21822
3.25913
3.29216
3.32190
3.35898
3.37881
3.39707
3.41547
3.42775
3.42783
3.41170
3.39534
3.38014
3.35709
3.32406
3.28572
3.25642
3.22811
3.18806
3.16003
3.14310
3.13150
3.11861
3.12210
3.12699
3.14211
3.16329
3.20297
3.24348
3.29066
3.35270
3.41321
3.47970
3.54878
3.61341
3.67698
3.73767
3.78254
3.82294
3.85434
3.87322
3.88373
3.88488
3.87748
3.85913
3.83063
3.78585
3.74217
3.69992
3.63561
3.58283
3.52830
3.47659
3.42483
3.38353
3.35324
3.32612
3.31748
3.30130
3.30364
3.32002
3.33305
3.35868
3.39712
3.44366
3.48550
3.52722
3.58005
3.62330
3.66384
3.70318
3.74103
3.76530
3.79022
3.81009
3.82210
3.82918
3.83299
3.82944
3.81439
3.79552
3.78552
3.76286
3.73562
3.70952
3.68652
3.66305
3.64297
3.63766
3.62653
3.62049
3.62199
3.61677
3.61927
3.62591
3.63058
3.64259
3.65572
3.67292
3.68763
3.70416
3.71212
3.71973
3.71058
3.70576
3.68604
3.66670
3.62766
3.58845
3.54208
3.50142
3.45147
3.39878
3.35498
3.30506
3.26684
3.23778
3.21087
3.19238
3.17621
3.17387
3.17932
3.18930
3.20497
3.23960
3.27391
3.31213
3.36045
3.40383
3.44764
3.48949
3.52831
3.56684
3.59054
3.61178
3.62210
3.63054
3.64009
3.63211
3.60823
3.58566
3.55581
3.52396
3.47345
3.42188
3.38414
3.33641
3.28859
3.24079
3.19739
3.15935
3.13436
3.10065
3.07861
3.06594
3.05883
3.05541
3.06920
3.08260
3.09674
3.13109
3.15854
3.20699
3.25455
3.30356
3.34145
3.39457
3.43490
3.46913
3.50779
3.52749
3.53651
3.53507
3.53333
3.50837
3.48206
3.44897
3.40857
3.36261
3.31861
3.26889
3.23047
3.18293
3.14525
3.11690
3.08652
3.07535
3.06609
3.06589
3.08041
3.10174
3.12749
3.15993
3.20413
3.25404
3.30092
3.35165
3.39704
3.45339
3.49351
3.54200
3.57989
3.62285
3.65815
3.68338
3.69864
3.71293
3.71006
3.70682
3.70343
3.68336
3.67241
3.65515
3.63035
3.60783
3.58559
3.56819
3.55529
3.54570
3.53994
3.53543
3.54870
3.55507
3.58535
3.61185
3.63855
3.67558
3.71073
3.74959
3.77644
3.80426
3.82851
3.85109
3.85513
3.86716
3.86448
3.84748
3.83613
3.81066
3.78895
3.75865
3.72712
3.69388
3.66613
3.64462
3.62379
3.60586
3.59878
3.60561
3.60588
3.61759
3.64912
3.68141
3.72784
3.77674
3.83434
3.89105
3.96082
4.02654
4.09640
4.16515
4.23324
4.29523
4.31951
4.27945
4.25313
4.23017
4.22365
4.22371
4.23650
4.25393
4.29292
4.34083
4.34428
4.30948
4.26171
4.21296
4.16146
4.10044
4.05577
4.01223
3.97693
3.95088
3.93094
3.92334
3.91981
3.93375
3.95587
3.97979
4.01869
4.02598
4.01949
4.01204
4.00875
4.00526
4.00236
4.00780
4.01211
4.01433
4.02088
4.02861
4.03239
4.03753
4.04524
4.05636
4.06953
4.08421
4.09621
4.10728
4.11205
4.10169
4.08566
4.04687
4.00398
3.96811
3.93934
3.91532
3.90166
3.89667
3.90187
3.90866
3.92469
3.94899
3.97605
4.00370
4.02537
4.04893
4.07891
4.10307
4.13126
4.15893
4.18106
4.19068
4.18933
4.19001
4.18139
4.17798
4.17996
4.18010
4.17903
4.15585
4.12748
4.10170
4.07735
4.05888
4.04271
4.03363
4.02544
4.02370
4.02623
4.03171
4.03869
4.04926
4.06579
4.08335
4.10076
4.12484
4.14670
4.16766
4.18192
4.18927
4.19823
4.20267
4.21038
4.21912
4.22588
4.23152
4.24023
4.25180
4.25651
4.26246
4.23149
4.20330
4.18929
4.17525
4.17449
4.17897
4.19185
4.20538
4.21571
4.18922
4.17339
4.16573
4.16209
4.17001
4.17072
4.16315
4.14138
4.12517
4.10631
4.09035
4.07639
4.06597
4.05847
4.05238
4.05022
4.05232
4.05881
4.06973
4.08388
4.10037
4.11984
4.14349
4.16711
4.19248
4.22020
4.24594
4.26778
4.28867
4.28932
4.23287
4.17992
4.13679
4.08968
4.05931
4.03284
4.02163
4.01378
4.02877
4.03427
4.05647
4.08580
4.12281
4.16240
4.19901
4.22122
4.23707
4.25036
4.26623
4.26263
4.26266
4.26278
4.26500
4.26714
4.27336
4.27907
4.28309
4.24291
4.19316
4.15322
4.10480
4.05965
4.01334
3.96988
3.92698
3.89521
3.86443
3.83988
3.82927
3.82229
3.83343
3.83861
3.85866
3.87665
3.91382
3.93889
3.97983
4.01987
4.05434
4.08744
4.12463
4.15514
4.18656
4.20241
4.21565
4.22651
4.22839
4.21602
4.20114
4.17278
4.14938
4.12271
4.11084
4.07590
4.05286
4.02065
3.98906
3.96008
3.93839
3.93169
3.92776
3.92499
3.93704
3.95278
3.98517
4.00954
4.05349
4.10033
4.15044
4.19766
4.25669
4.30640
4.36554
4.40480
4.40064
4.38271
4.36073
4.34031
4.31103
4.29157
4.27319
4.26922
4.26624
4.27630
4.27983
4.26312
4.24154
4.22184
4.19688
4.17154
4.14922
4.13003
4.11908
4.11425
4.11792
4.12473
4.13948
4.14953
4.15263
4.15682
4.16499
4.17175
4.18345
4.18223
4.16331
4.15284
4.15652
4.18127
4.20817
4.24704
4.29005
4.30541
4.32014
4.33171
4.34192
4.34741
4.35450
4.35463
4.35446
4.33092
4.28491
4.24998
4.21618
4.18646
4.15788
4.14368
4.13423
4.13246
4.13549
4.14106
4.15382
4.17240
4.18599
4.21182
4.22626
4.23381
4.24290
4.24966
4.26196
4.27202
4.29012
4.31002
4.32862
4.34950
4.36581
4.35147
4.33168
4.28943
4.25161
4.20970
4.16404
4.10798
4.06643
4.01601
3.96654
3.92716
3.89112
3.86396
3.84694
3.82625
3.82905
3.83429
3.84451
3.87693
3.90531
3.94344
3.97851
4.01768
4.06619
4.11493
4.15189
4.15442
4.15064
4.14432
4.13677
4.13158
4.12404
4.11684
4.11486
4.11052
4.11046
4.11082
4.10989
4.11483
4.11676
4.11732
4.11819
4.12085
4.11781
4.11289
4.10652
4.09580
4.08439
4.06553
4.04795
4.03026
4.01085
3.99139
3.96911
3.95228
3.93216
3.92615
3.92402
3.92428
3.92900
3.93795
3.96148
3.98549
4.01677
4.04368
4.07425
4.09902
4.12144
4.13899
4.14940
4.16101
4.16970
4.17484
4.18692
4.19508
4.20906
4.22167
4.23852
4.24010
4.23193
4.21830
4.20476
4.19783
4.18772
4.19105
4.18311
4.17024
4.16428
4.14615
4.11466
4.08572
4.06104
4.03574
4.02256
4.01237
4.01595
4.02305
4.03534
4.04434
4.06830
4.08710
4.08359
4.07219
4.06678
4.05854
4.05836
4.05157
4.05076
4.06197
4.06755
4.08189
4.07449
4.07332
4.07121
4.08174
4.08633
4.08283
4.06964
4.07457
4.08172
4.09227
4.10664
4.13267
4.16119
4.18748
4.22748
4.26084
4.25747
4.22712
4.17985
4.13756
4.07756
4.03316
3.97896
3.91815
3.86810
3.81555
3.77591
3.74075
3.71901
3.70175
3.69112
3.70014
3.70369
3.72254
3.75451
3.78758
3.83239
3.87399
3.92358
3.96603
4.01777
4.05784
4.10308
4.15157
4.18629
4.20635
4.22663
4.22671
4.19265
4.16015
4.14244
4.12825
4.11712
4.08935
4.03743
3.99543
3.94420
3.89628
3.84663
3.80566
3.76422
3.72408
3.70201
3.67825
3.66609
3.66021
3.65994
3.66634
3.68410
3.70497
3.73609
3.77287
3.80842
3.85264
3.89272
3.93952
3.98252
4.03537
4.08009
4.11045
4.14588
4.17188
4.18126
4.18728
4.17598
4.16583
4.14648
4.11869
4.07471
4.04362
3.99382
3.95487
3.91026
3.86697
3.83406
3.81554
3.78757
3.77564
3.77427
3.77954
3.79760
3.82156
3.85137
3.88788
3.92480
3.96932
4.01684
4.05567
4.08442
4.10581
4.13833
4.17012
4.20069
4.22523
4.24999
4.26694
4.28250
4.28836
4.28621
4.27414
4.25803
4.23913
4.21806
4.19430
4.17487
4.15652
4.13846
4.10814
4.09029
4.07464
4.05373
4.04848
4.05523
4.05643
4.06302
4.09117
4.10989
4.12818
4.15529
4.17807
4.20059
4.22701
4.24039
4.25175
4.25815
4.26106
4.25345
4.24031
4.21821
4.19515
4.16360
4.12354
4.08307
4.03750
3.99642
3.94347
3.90466
3.87248
3.83822
3.81100
3.78704
3.77657
3.77925
3.79804
3.81515
3.84645
3.88094
3.93452
3.97293
4.02587
4.03847
4.00768
3.97536
3.94455
3.91029
3.88647
3.85660
3.83939
3.82889
3.82513
3.82946
3.83898
3.85759
3.88464
3.91850
3.95690
3.99862
4.01294
3.93632
3.86503
3.79184
3.72271
3.66869
3.60610
3.56169
3.52611
3.49990
3.47370
3.46568
3.45760
3.45624
3.46852
3.47617
3.48989
3.50888
3.52589
3.54542
3.56427
3.58644
3.60753
3.61196
3.62406
3.61730
3.61867
3.59678
3.57013
3.54157
3.50787
3.46763
3.43068
3.37675
3.33319
3.29991
3.26094
3.22542
3.20132
3.17380
3.16736
3.16483
3.15928
3.17653
3.19886
3.23071
3.26417
3.31281
3.35291
3.40314
3.44985
3.49834
3.53933
3.57603
3.60059
3.62936
3.63851
3.63849
3.63841
3.62933
3.61030
3.57902
3.53899
3.49452
3.44406
3.38649
3.32814
3.27523
3.21673
3.16789
3.12235
3.07925
3.05106
3.03374
3.02151
3.01842
3.02871
3.05130
3.07482
3.10331
3.15198
3.18496
3.23128
3.27121
3.29998
3.33246
3.34734
3.36746
3.36694
3.34897
3.33941
3.30042
3.25612
3.20062
3.14031
3.08533
3.00689
2.94651
2.88764
2.83337
2.78538
2.74738
2.72078
2.71078
2.70915
2.72252
2.74462
2.77115
2.82144
2.87121
2.93582
3.00051
3.08097
3.15907
3.24155
3.31836
3.39384
3.46459
3.52054
3.57327
3.60405
3.62104
3.63484
3.62700
3.61381
3.58401
3.53874
3.49825
3.43937
3.38157
3.31997
3.25581
3.19864
3.14242
3.09324
3.05725
3.01658
2.99378
2.97475
2.96598
2.96944
2.98607
3.00808
3.04045
3.07846
3.11437
3.17186
3.22067
3.27494
3.33150
3.38535
3.42265
3.47132
3.49845
3.53131
3.55295
3.56065
3.55251
3.54455
3.52318
3.49981
3.46170
3.43299
3.38776
3.34988
3.31303
3.27783
3.25848
3.24659
3.23151
3.24070
3.24579
3.27535
3.29607
3.33630
3.38005
3.43581
3.48737
3.53546
3.59829
3.64496
3.70019
3.73358
3.76730
3.78948
3.80319
3.79713
3.77959
3.74947
3.71431
3.66325
3.60012
3.54150
3.46836
3.40786
3.34513
3.28127
3.22791
3.18678
3.15035
3.13350
3.11892
3.11777
3.13066
3.15223
3.18606
3.22685
3.27925
3.33878
3.39427
3.46236
3.52930
3.59058
3.65025
3.69962
3.73426
3.76694
3.79157
3.79180
3.78937
3.77452
3.74918
3.71108
3.67660
3.62800
3.57216
3.51511
3.45748
3.40850
3.35575
3.31152
3.28283
3.24156
3.22843
3.22849
3.22414
3.23859
3.25586
3.29540
3.33233
3.37832
3.41897
3.47521
3.53296
3.57492
3.62375
3.66791
3.70434
3.73244
3.74755
3.73582
3.73121
3.71119
3.67096
3.63848
3.58864
3.53392
3.48073
3.42910
3.37944
3.33565
3.29547
3.26053
3.22853
3.21482
3.20603
3.21399
3.22744
3.24296
3.27540
3.32738
3.36964
3.42900
3.48504
3.55410
3.61375
3.68057
3.73671
3.79693
3.84402
3.87863
3.90471
3.92609
3.93624
3.92461
3.90877
3.88214
3.84879
3.80591
3.74989
3.69029
3.64014
3.58717
3.53307
3.49406
3.44660
3.42280
3.39581
3.37421
3.35589
3.36106
3.36302
3.37923
3.40794
3.43078
3.46568
3.51142
3.55282
3.58755
3.62944
3.65857
3.68459
3.70809
3.71046
3.70738
3.69081
3.66438
3.62609
3.58506
3.53497
3.47274
3.41406
3.34313
3.28407
3.21980
3.17090
3.11723
3.08075
3.04936
3.03021
3.02125
3.02698
3.03576
3.06487
3.10011
3.13984
3.19459
3.25432
3.32260
3.39050
3.45982
3.53523
3.60748
3.67403
3.72125
3.77686
3.79838
3.81880
3.82558
3.81717
3.79016
3.75236
3.70619
3.65313
3.58835
3.53197
3.46977
3.41714
3.35990
3.31796
3.27958
3.25038
3.22217
3.21044
3.20287
3.20580
3.22178
3.23487
3.25961
3.29000
3.32939
3.37339
3.40752
3.45330
3.49074
3.52493
3.55583
3.56726
3.57688
3.56818
3.55352
3.52860
3.49056
3.45029
3.39460
3.34210
3.27661
3.21363
3.15569
3.08815
3.04515
2.98651
2.94537
2.91808
2.89408
2.88856
2.88685
2.89984
2.92152
2.95740
3.00904
3.06168
3.13233
3.20602
3.28674
3.37073
3.44818
3.52784
3.59968
3.66696
3.70763
3.74402
3.75093
3.75055
3.72599
3.69529
3.64528
3.57671
3.52025
3.43728
3.35800
3.30047
3.22174
3.17223
3.11997
3.07504
3.04008
3.02135
3.02223
3.02188
3.04631
3.07746
3.12772
3.17731
3.23723
3.29614
3.35313
3.41086
3.45744
3.51471
3.54351
3.58125
3.60795
3.63203
3.64230
3.64865
3.64318
3.62040
3.58705
3.54927
3.49813
3.44102
3.37465
3.31871
3.27203
3.22226
3.18546
3.15384
3.13667
3.13688
3.14476
3.15504
3.18285
3.23057
3.27713
3.33433
3.40265
3.46954
3.55391
3.62769
3.70250
3.77488
3.83949
3.88815
3.93109
3.95312
3.96739
3.96143
3.94068
3.89940
3.85619
3.79461
3.73180
3.65554
3.57094
3.49697
3.41787
3.34884
3.28642
3.23629
3.18927
3.15812
3.13460
3.12626
3.13195
3.14768
3.18334
3.22933
3.27315
3.34542
3.41348
3.49217
3.56722
3.65016
3.73054
3.80409
3.87185
3.92656
3.96637
3.99355
4.00856
4.00270
3.98523
3.95110
3.90371
3.84333
3.77117
3.70518
3.63783
3.56334
3.50548
3.44554
3.40048
3.35828
3.32323
3.30800
3.30055
3.30529
3.32319
3.35111
3.39195
3.43755
3.49431
3.54211
3.60452
3.65747
3.69884
3.74615
3.77154
3.79151
3.78652
3.77427
3.74276
3.69961
3.64960
3.57905
3.50736
3.41880
3.32048
3.21703
3.10884
3.00791
2.91323
2.82275
2.76133
2.68811
2.64319
2.62404
2.60705
2.61327
2.63033
2.67143
2.71614
2.78167
2.85695
2.93941
3.03097
3.13276
3.22947
3.33512
3.42402
3.51352
3.59304
3.65524
3.70281
3.74063
3.75639
3.75093
3.73196
3.68940
3.65463
3.59590
3.53383
3.46996
3.41059
3.34605
3.29488
3.24227
3.19836
3.17478
3.15612
3.14850
3.15774
3.17239
3.19988
3.25196
3.30490
3.36331
3.43623
3.50150
3.57579
3.65877
3.73109
3.79839
3.86241
3.92208
3.95701
3.98819
3.99955
3.99612
3.98129
3.94269
3.89016
3.83075
3.76385
3.68066
3.60446
3.53918
3.46173
3.39281
3.33745
3.28509
3.24444
3.22207
3.20317
3.19764
3.19586
3.21651
3.25540
3.28504
3.33954
3.39339
3.45733
3.53013
3.60376
3.67105
3.74215
3.79970
3.85769
3.90833
3.94394
3.96363
3.97449
3.97986
3.95730
3.93436
3.90285
3.85968
3.81208
3.75537
3.70739
3.65291
3.60070
3.56682
3.52839
3.50064
3.48766
3.47622
3.48051
3.49651
3.52577
3.55859
3.59595
3.63131
3.67793
3.72095
3.76973
3.81690
3.85648
3.90218
3.93124
3.95584
3.97147
3.97708
3.96383
3.94703
3.91117
3.86851
3.82526
3.76216
3.71097
3.63836
3.59063
3.53193
3.48209
3.43963
3.40423
3.38364
3.36768
3.35602
3.35682
3.36161
3.37387
3.39958
3.42712
3.46559
3.50419
3.53955
3.57608
3.60995
3.64495
3.67604
3.69410
3.71206
3.71965
3.71990
3.70908
3.69590
3.66037
3.64045
3.59263
3.55452
3.51509
3.46374
3.41022
3.36433
3.32645
3.28000
3.23880
3.19724
3.17455
3.14684
3.13448
3.12033
3.11333
3.11289
3.12348
3.13596
3.14792
3.16958
3.19987
3.23040
3.26952
3.29773
3.33884
3.36622
3.40758
3.43552
3.46986
3.49149
3.50534
3.51515
3.52326
3.52312
3.52538
3.51103
3.50624
3.49513
3.48113
3.46677
3.45081
3.44857
3.43380
3.43897
3.43273
3.42795
3.43896
3.43565
3.45203
3.45992
3.48836
3.50164
3.52547
3.54552
3.56195
3.58778
3.60454
3.62098
3.63873
3.64730
3.66240
3.66958
3.67864
3.67508
3.67747
3.67127
3.66607
3.66481
3.64745
3.63821
3.61764
3.60989
3.59836
3.58107
3.57162
3.56364
3.54843
3.53355
3.52542
3.51930
3.50932
3.49573
3.49101
3.49262
3.48673
3.48719
3.48542
3.48955
3.49207
3.49719
3.49348
3.50788
3.50263
3.51036
3.50579
3.50425
3.51336
3.50748
3.50494
3.50799
3.50485
3.50788
3.50415
3.50650
3.50585
3.51202
3.50882
3.51451
3.53185
3.54018
3.54640
3.56287
3.57353
3.59138
3.59999
3.61026
3.61733
3.62414
3.63525
3.63894
3.64434
3.64433
3.64537
3.63716
3.63521
3.62871
3.61413
3.60322
3.57898
3.55738
3.53544
3.51538
3.48592
3.45906
3.42750
3.41108
3.39028
3.36658
3.34768
3.32347
3.30438
3.28907
3.27302
3.25229
3.24725
3.23692
3.23203
3.22706
3.22748
3.22990
3.24163
3.24242
3.25347
3.26621
3.26942
3.27474
3.28030
3.28933
3.28195
3.27954
3.27916
3.27915
3.27443
3.26607
3.26123
3.26426
3.25878
3.24874
3.24960
3.24944
3.25427
3.25503
3.26257
3.26724
3.28163
3.29041
3.31010
3.32480
3.33915
3.36082
3.38019
3.39268
3.40210
3.41676
3.42362
3.43170
3.44901
3.45116
3.45749
3.45906
3.46631
3.45798
3.45967
3.45775
3.44623
3.43715
3.43410
3.42853
3.42264
3.41921
3.40251
3.39792
3.39445
3.39611
3.39142
3.38889
3.38515
3.38208
3.37827
3.37489
3.37215
3.36554
3.36189
3.35345
3.33750
3.33055
3.31213
3.30145
3.28284
3.25946
3.25090
3.22892
3.21119
3.19670
3.18858
3.18412
3.17955
3.17085
3.17691
3.18112
3.17982
3.19609
3.21114
3.21620
3.23117
3.24009
3.25121
3.25877
3.26131
3.26907
3.27324
3.28287
3.28657
3.28978
3.29344
3.29495
3.29563
3.30210
3.30723
3.31182
3.32612
3.33576
3.35389
3.36529
3.38120
3.39977
3.41261
3.43640
3.44352
3.45294
3.46703
3.47343
3.47754
3.48543
3.48789
3.50222
3.50459
3.50359
3.50706
3.51028
3.51184
3.50746
3.50941
3.50617
3.50796
3.50661
3.51068
3.51981
3.51968
3.51531
3.52022
3.52358
3.53030
3.53463
3.54312
3.53934
3.55450
3.56115
3.56316
3.57673
3.58848
3.59560
3.60682
3.62154
3.62407
3.64300
3.65223
3.66138
3.66331
3.66897
3.66452
3.66596
3.65832
3.64631
3.63644
3.62689
3.61525
3.60429
3.58438
3.56340
3.54368
3.52310
3.50086
3.47764
3.46285
3.44138
3.41846
3.40394
3.39206
3.37374
3.36929
3.36900
3.35721
3.35564
3.35680
3.36805
3.37776
3.38369
3.40230
3.42158
3.44417
3.45723
3.48413
3.50946
3.53016
3.54907
3.56513
3.58039
3.58926
3.59941
3.59399
3.59341
3.58509
3.57391
3.55887
3.54123
3.51424
3.49329
