2.482129
2.482186
2.482685
2.482594
2.483814
2.483728
2.483175
2.482900
2.483670
2.483806
2.483097
2.483318
2.482575
2.481907
2.480279
2.479109
2.477039
2.476301
2.474255
2.473069
2.470570
2.469894
2.467842
2.466814
2.464352
2.463706
2.461736
2.461210
2.460586
2.460922
2.461749
2.462094
2.462514
2.465132
2.466853
2.469949
2.473509
2.476620
2.480650
2.485062
2.490930
2.495391
2.500266
2.506088
2.511449
2.517278
2.523085
2.527957
2.533774
2.538278
2.544508
2.550831
2.556267
2.561708
2.567140
2.572581
2.577657
2.583633
2.588722
2.593799
2.599428
2.604930
2.609647
2.613849
2.618055
2.623575
2.627259
2.630941
2.635552
2.640012
2.644087
2.647625
2.651552
2.655092
2.658634
2.663875
2.668196
2.671597
2.676314
2.680641
2.684051
2.689700
2.693906
2.698642
2.702860
2.707093
2.711326
2.716887
2.719822
2.725399
2.728349
2.733032
2.735994
2.740288
2.743266
2.746668
2.750989
2.755322
2.758755
2.762683
2.767041
2.770983
2.774026
2.778886
2.782411
2.786842
2.790427
2.794862
2.798020
2.802522
2.805243
2.809334
2.811643
2.813984
2.816794
2.818262
2.818891
2.819533
2.820211
2.820512
2.818994
2.817524
2.814785
2.812490
2.810222
2.805791
2.801349
2.797757
2.791548
2.786740
2.781349
2.776098
2.770188
2.763539
2.757228
2.751778
2.746270
2.740278
2.734222
2.728100
2.723228
2.717120
2.712518
2.705775
2.699863
2.692892
2.685507
2.679932
2.672478
2.666358
2.660218
2.654010
2.648357
2.642164
2.636522
2.632147
2.626517
2.620827
2.616583
2.610480
2.605347
2.600278
2.593883
2.588345
2.582859
2.576529
2.570256
2.563875
2.557604
2.550911
2.544749
2.537638
2.530046
2.524374
2.517746
2.510702
2.503663
2.497482
2.490813
2.484229
2.478119
2.470998
2.464741
2.459050
2.452407
2.445727
2.439110
2.432413
2.426695
2.420035
2.412435
2.406732
2.400486
2.393340
2.387133
2.380385
2.374045
2.367705
2.361410
2.355876
2.350001
2.344146
2.339633
2.333308
2.329245
2.323901
2.320269
2.317208
2.313237
2.310171
2.307138
2.304437
2.301378
2.299197
2.297018
2.294788
2.292558
2.289354
2.287074
2.283464
2.280200
2.277870
2.273303
2.270060
2.266447
2.262449
2.259253
2.255309
2.252701
2.250116
2.246639
2.244631
2.242099
2.240127
2.238535
2.236532
2.235484
2.233826
2.232719
2.231089
2.229565
2.228794
2.227097
2.225935
2.225706
2.223996
2.222828
2.222036
2.220900
2.221415
2.219707
2.219881
2.219478
2.220397
2.220011
2.220000
2.219627
2.219981
2.220894
2.221249
2.221613
2.222342
2.222700
2.223431
2.224164
2.224524
2.224891
2.225627
2.226365
2.225798
2.226175
2.225981
2.225052
2.225417
2.225411
2.225029
2.224653
2.224274
2.224827
2.224455
2.224273
2.224466
2.224300
2.226012
2.225867
2.226677
2.228077
2.229498
2.232231
2.233341
2.235432
2.238470
2.241908
2.244066
2.247190
2.251285
2.254739
2.257911
2.262345
2.265490
2.268618
2.273355
2.276799
2.280502
2.284216
2.288571
2.292552
2.295940
2.299886
2.304190
2.308818
2.311516
2.315187
2.319499
2.323534
2.326625
2.330054
2.333184
2.337287
2.339816
2.341741
2.345252
2.347196
2.350401
2.351414
2.353048
2.354687
2.356313
2.358278
2.359587
2.359967
2.361898
2.363252
2.363053
2.363816
2.364912
2.364751
2.365302
2.366833
2.366479
2.365883
2.366289
2.365344
2.364424
2.363534
2.361695
2.360394
2.358396
2.355438
2.353249
2.350807
2.346685
2.343070
2.339458
2.334169
2.331335
2.326319
2.320608
2.316142
2.310733
2.304653
2.298331
2.292307
2.286319
2.280370
2.274159
2.267975
2.262111
2.256925
2.252715
2.246621
2.242135
2.237006
2.232537
2.228068
2.224550
2.218845
2.216290
2.212482
2.208669
2.204883
2.201732
2.199206
2.196078
2.194854
2.193927
2.192398
2.191826
2.191877
2.192539
2.192926
2.194877
2.195543
2.197468
2.200339
2.201938
2.205100
2.208282
2.212388
2.214584
2.218053
2.221524
2.225306
2.229075
2.232865
2.236992
2.241095
2.245557
2.250029
2.255104
2.259596
2.265971
2.271076
2.275254
2.280721
2.285853
2.290992
2.296731
2.302126
2.307871
2.314198
2.319254
2.324314
2.330307
2.335946
2.341587
2.345958
2.351605
2.355972
2.360002
2.365293
2.368718
2.372738
2.375822
2.378292
2.380766
2.382577
2.385051
2.386588
2.387798
2.388398
2.389004
2.388674
2.387734
2.387750
2.386826
2.384972
2.382165
2.379703
2.377238
2.373821
2.370741
2.366391
2.361058
2.357022
2.350757
2.345777
2.338898
2.333568
2.326358
2.320098
2.313851
2.307262
2.302323
2.295412
2.290150
2.284546
2.278957
2.274308
2.269659
2.264091
2.260376
2.256086
2.250869
2.245643
2.241340
2.236471
2.230663
2.224839
2.219788
2.212494
2.206908
2.200968
2.193582
2.186778
2.180396
2.174057
2.165934
2.159696
2.152188
2.144725
2.137324
2.129954
2.124428
2.117219
2.110922
2.104261
2.099372
2.093167
2.089727
2.085374
2.082355
2.080684
2.079016
2.077792
2.079335
2.079936
2.081943
2.085612
2.091239
2.096342
2.102374
2.109807
2.118986
2.129622
2.140291
2.154141
2.167603
2.181490
2.197261
2.213623
2.230806
2.249484
2.268208
2.286070
2.305839
2.326003
2.346552
2.368088
2.389631
2.410023
2.432309
2.454362
2.475479
2.497876
2.519688
2.541835
2.562452
2.584955
2.605326
2.626667
2.646474
2.667260
2.686806
2.707024
2.726009
2.744042
2.762716
2.780505
2.796950
2.814383
2.829916
2.845688
2.860180
2.872717
2.885175
2.896961
2.906172
2.916623
2.925033
2.932864
2.939898
2.945417
2.952371
2.956526
2.961237
2.964600
2.968062
2.970837
2.974950
2.977772
2.980020
2.983571
2.986227
2.989218
2.992912
2.996642
3.000403
3.004873
3.009698
3.013609
3.018840
3.024081
3.029105
3.033810
3.038541
3.042147
3.046348
3.050974
3.055638
3.057744
3.060271
3.061911
3.064121
3.065841
3.065508
3.065584
3.065306
3.065555
3.063591
3.062529
3.060560
3.058173
3.056321
3.052639
3.048882
3.044775
3.041150
3.036525
3.030628
3.026005
3.018713
3.012777
3.007278
3.000311
2.993502
2.985707
2.978319
2.970940
2.962622
2.954829
2.946106
2.937422
2.929643
2.920985
2.913235
2.905920
2.897313
2.890948
2.883273
2.876423
2.869077
2.863169
2.856769
2.850788
2.845725
2.840685
2.836086
2.831103
2.827874
2.825677
2.823024
2.821308
2.819645
2.818505
2.818688
2.818476
2.819196
2.819436
2.820178
2.821724
2.823304
2.824473
2.825553
2.827545
2.829078
2.830021
2.831006
2.832362
2.831496
2.832418
2.831891
2.832799
2.832624
2.831187
2.831082
2.829129
2.828027
2.827451
2.824544
2.823504
2.822386
2.820341
2.818346
2.817253
2.815308
2.813253
2.812229
2.810207
2.809140
2.806723
2.805273
2.802904
2.800979
2.797738
2.795433
2.793139
2.789950
2.787251
2.784987
2.781856
2.780517
2.779187
2.776592
2.775715
2.775315
2.774023
2.773639
2.773632
2.774600
2.773748
2.775103
2.776430
2.777802
2.778665
2.780922
2.781340
2.783139
2.784908
2.786736
2.787638
2.788571
2.790917
2.792295
2.793320
2.795706
2.797172
2.799146
2.802027
2.803577
2.806916
2.808026
2.812780
2.814815
2.818120
2.822302
2.825641
2.829854
2.833581
2.837687
2.840927
2.845922
2.850066
2.854948
2.860350
2.865298
2.871130
2.878240
2.884137
2.890861
2.898957
2.906286
2.913963
2.922206
2.930872
2.938708
2.947406
2.957945
2.967058
2.978038
2.988510
2.999824
3.011165
3.022800
3.034517
3.045697
3.056353
3.068366
3.078906
3.089851
3.101265
3.113508
3.125268
3.137469
3.149191
3.161836
3.173260
3.185977
3.197813
3.210544
3.222444
3.234853
3.246404
3.258411
3.270921
3.283916
3.296022
3.307723
3.318989
3.329451
3.340318
3.350841
3.359921
3.368222
3.376916
3.384276
3.391195
3.396339
3.401938
3.406654
3.409086
3.411401
3.412889
3.414400
3.414503
3.414548
3.414599
3.414222
3.413755
3.413229
3.411807
3.411781
3.409772
3.408788
3.406687
3.406511
3.405283
3.402733
3.401523
3.399910
3.397356
3.395662
3.393183
3.391105
3.389135
3.385792
3.383392
3.380161
3.376982
3.373853
3.370776
3.365914
3.362534
3.359558
3.354900
3.350289
3.346631
3.341265
3.336413
3.330244
3.323712
3.318169
3.311324
3.304069
3.295000
3.287297
3.279633
3.269692
3.259786
3.249822
3.239253
3.228264
3.217741
3.206599
3.195271
3.183521
3.172117
3.160951
3.149826
3.138042
3.126697
3.115158
3.103731
3.091641
3.080983
3.068818
3.058930
3.048057
3.036052
3.027034
3.016221
3.006489
2.997101
2.988310
2.980033
2.971416
2.963659
2.955176
2.947685
2.939223
2.931924
2.925972
2.918358
2.911728
2.905233
2.898322
2.892766
2.886004
2.879719
2.874351
2.867123
2.861248
2.853622
2.846340
2.838643
2.831722
2.822485
2.814899
2.804540
2.795972
2.786854
2.777154
2.767497
2.758578
2.749110
2.739784
2.730470
2.721934
2.713830
2.705034
2.697854
2.689503
2.683251
2.676368
2.669368
2.662881
2.657086
2.651431
2.645915
2.641073
2.637145
2.633222
2.629827
2.627091
2.625003
2.622661
2.619926
2.619015
2.618495
2.618104
2.618104
2.618625
2.618625
2.619147
2.620709
2.622536
2.624101
2.624889
2.627367
2.627240
2.629462
2.631551
2.632476
2.633405
2.636019
2.637197
2.637990
2.639699
2.639977
2.641036
2.640948
2.641509
2.642485
2.643724
2.643319
2.643730
2.644542
2.645813
2.646438
2.648952
2.651508
2.653064
2.655948
2.658985
2.664271
2.667626
2.673089
2.679366
2.684973
2.691627
2.698982
2.706190
2.714683
2.722249
2.730254
2.739975
2.748853
2.758590
2.767833
2.778100
2.788105
2.798387
2.808759
2.818781
2.830668
2.840781
2.850944
2.862119
2.872005
2.882169
2.892183
2.902116
2.913062
2.921353
2.930580
2.939733
2.947175
2.953774
2.961667
2.969069
2.975277
2.979629
2.985273
2.989922
2.995587
2.999387
3.003129
3.007884
3.012322
3.015614
3.018848
3.022424
3.026341
3.029983
3.033302
3.037620
3.041283
3.044950
3.049352
3.053761
3.057185
3.060468
3.064204
3.069094
3.073703
3.076714
3.080378
3.083886
3.087737
3.091261
3.093840
3.097749
3.101183
3.105170
3.109572
3.113635
3.117158
3.121688
3.125831
3.130373
3.134167
3.138365
3.142233
3.145703
3.151414
3.154110
3.158157
3.161389
3.163741
3.166601
3.168669
3.170254
3.171953
3.173253
3.173250
3.174176
3.173802
3.174336
3.174485
3.174214
3.173464
3.173204
3.172938
3.172644
3.172766
3.172872
3.173853
3.173424
3.172960
3.174324
3.174656
3.174599
3.175755
3.176112
3.176380
3.176658
3.175633
3.175452
3.175288
3.174724
3.174588
3.173140
3.170372
3.168512
3.165751
3.162142
3.158943
3.155810
3.151323
3.147269
3.142784
3.138293
3.133811
3.128898
3.123084
3.119029
3.113648
3.109178
3.103382
3.097535
3.092114
3.086267
3.081322
3.075433
3.069099
3.064106
3.059546
3.052752
3.047288
3.041835
3.036393
3.031859
3.025978
3.019234
3.013386
3.007112
2.999958
2.992814
2.985691
2.977684
2.970124
2.960790
2.952816
2.944400
2.935125
2.926299
2.915705
2.906913
2.896828
2.886311
2.875802
2.864511
2.854547
2.843735
2.832941
2.823064
2.813708
2.804387
2.795842
2.786965
2.778480
2.770374
2.763651
2.756437
2.749608
2.742745
2.737141
2.730683
2.725437
2.721054
2.716674
2.712674
2.709509
2.707178
2.704404
2.703835
2.702801
2.702213
2.702024
2.703250
2.705815
2.706443
2.709024
2.712848
2.715406
2.719664
2.723104
2.727378
2.732150
2.736885
2.740796
2.745984
2.750303
2.755886
2.760613
2.764901
2.771386
2.776165
2.780783
2.784622
2.790221
2.793593
2.797422
2.800412
2.804258
2.807661
2.809770
2.813164
2.816612
2.819622
2.821304
2.825227
2.828695
2.832673
2.836161
2.840127
2.845002
2.848997
2.853860
2.859224
2.863656
2.869903
2.876165
2.880604
2.885534
2.891803
2.897546
2.902467
2.909592
2.914956
2.921634
2.928312
2.934091
2.941203
2.948284
2.955409
2.962968
2.969166
2.976743
2.984305
2.990507
2.997193
3.002497
3.007858
3.013623
3.018498
3.022950
3.025593
3.028683
3.031345
3.033988
3.036185
3.037490
3.038371
3.038808
3.039232
3.039236
3.038794
3.037904
3.037487
3.037075
3.035291
3.034887
3.034042
3.032283
3.030522
3.030109
3.029237
3.027017
3.027048
3.025290
3.023977
3.023540
3.021333
3.020908
3.019190
3.017454
3.016208
3.015863
3.013731
3.013441
3.011383
3.011089
3.009985
3.010243
3.009136
3.009384
3.008843
3.009969
3.008921
3.008332
3.008545
3.008321
3.007599
3.006438
3.006179
3.004476
3.002777
3.001024
2.997506
2.995214
2.992088
2.988423
2.984768
2.980750
2.976216
2.972169
2.968136
2.961834
2.957881
2.952566
2.947241
2.942495
2.937733
2.932118
2.928335
2.922788
2.917806
2.912330
2.906463
2.902377
2.896590
2.890300
2.884884
2.879535
2.871970
2.864811
2.858134
2.849630
2.841078
2.833779
2.824262
2.815073
2.805450
2.795349
2.785134
2.774926
2.763685
2.754184
2.744314
2.733846
2.724685
2.715208
2.705508
2.696787
2.688954
2.680109
2.670809
2.661974
2.653105
2.644658
2.634575
2.625632
2.617204
2.607478
2.599065
2.590659
2.582260
2.572529
2.562837
2.554432
2.544701
2.535902
2.526195
2.517047
2.508787
2.499263
2.489714
2.480204
2.469771
2.459863
2.449982
2.439579
2.430112
2.418937
2.408560
2.397270
2.386505
2.375226
2.363029
2.351757
2.339961
2.327782
2.316404
2.305152
2.293384
2.281217
2.271312
2.260475
2.249266
2.238979
2.229205
2.219868
2.210112
2.201427
2.193546
2.186184
2.179819
2.173004
2.167161
2.162258
2.157780
2.153401
2.149494
2.147453
2.144412
2.141448
2.139816
2.139003
2.137663
2.137803
2.137723
2.137518
2.137935
2.139965
2.141073
2.142424
2.144400
2.146317
2.147679
2.149546
2.151540
2.152551
2.154438
2.155517
2.156600
2.157327
2.157128
2.156991
2.156503
2.156023
2.154673
2.153330
2.152051
2.148563
2.146958
2.143490
2.141311
2.137798
2.134695
2.131598
2.128377
2.124893
2.122347
2.119204
2.115322
2.112320
2.109321
2.106980
2.103309
2.101856
2.099463
2.097017
2.095904
2.094795
2.093691
2.091647
2.091495
2.090830
2.091011
2.091011
2.091293
2.092284
2.093227
2.094877
2.095918
2.097904
2.099000
2.102930
2.105306
2.107030
2.110972
2.112765
2.117104
2.120799
2.123820
2.127854
2.133029
2.136386
2.140297
2.144211
2.148127
2.150959
2.154807
2.157320
2.161099
2.163545
2.165993
2.167741
2.169813
2.171891
2.173284
2.175067
2.175537
2.177032
2.177528
2.178156
2.178376
2.180873
2.181534
2.182148
2.184076
2.185774
2.187772
2.188820
2.191457
2.194041
2.196010
2.197980
2.201249
2.203791
2.207635
2.210755
2.215185
2.219563
2.222161
2.227208
2.231318
2.236034
2.241430
2.246477
2.252553
2.257385
2.263800
2.270170
2.275913
2.282294
2.289625
2.294990
2.302005
2.308315
2.314306
2.320231
2.325588
2.331134
2.336497
2.341485
2.346792
2.350844
2.356364
2.360062
2.364076
2.368157
2.371175
2.374850
2.378894
2.380986
2.384037
2.387045
2.389161
2.392287
2.393462
2.395305
2.397450
2.398025
2.398978
2.400314
2.400321
2.399705
2.398805
2.397951
2.396343
2.394254
2.391732
2.388972
2.386452
2.382736
2.380259
2.375783
2.372308
2.367874
2.363440
2.359284
2.355053
2.350861
2.345953
2.340806
2.336864
2.331967
2.328034
2.323455
2.318570
2.314987
2.310136
2.305626
2.301765
2.297571
2.293740
2.290252
2.285811
2.282074
2.278986
2.273349
2.269076
2.264530
2.259633
2.254510
2.248411
2.242036
2.236987
2.231964
2.226318
2.220638
2.216306
2.211326
2.207215
2.201874
2.196715
2.192209
2.188272
2.183014
2.178958
2.174843
2.170669
2.166438
2.161821
2.157151
2.154044
2.149011
2.145812
2.143299
2.140055
2.137770
2.135163
2.134504
2.132237
2.131524
2.130879
2.129619
2.130936
2.130664
2.131361
2.131829
2.132650
2.133492
2.135337
2.137520
2.138459
2.139727
2.141288
2.141938
2.144157
2.145125
2.146673
2.149807
2.151961
2.154445
2.157859
2.161257
2.164335
2.167771
2.172454
2.177169
2.181238
2.186611
2.192952
2.198386
2.203841
2.209338
2.215753
2.221624
2.226848
2.234621
2.239904
2.247027
2.252688
2.258550
2.264072
2.269979
2.276447
2.280635
2.286371
2.291173
2.297236
2.301271
2.304729
2.309729
2.313388
2.318012
2.321703
2.325022
2.327996
2.331019
2.333070
2.335756
2.337512
2.338931
2.339780
2.339013
2.339893
2.340441
2.340076
2.339091
2.338762
2.337832
2.336579
2.336349
2.334497
2.333007
2.331854
2.330675
2.329828
2.328369
2.328151
2.326665
2.325880
2.324990
2.324440
2.323897
2.323063
2.322810
2.321416
2.320571
2.320132
2.319655
2.318306
2.316241
2.314949
2.313297
2.310964
2.308086
2.306180
2.303544
2.300918
2.298515
2.296491
2.293714
2.291884
2.289698
2.288440
2.284979
2.284326
2.282784
2.281430
2.279199
2.278288
2.277436
2.276197
2.276000
2.274859
2.275407
2.275195
2.274134
2.275623
2.274909
2.275440
2.275851
2.277267
2.277978
2.279694
2.280626
2.281559
2.282353
2.284149
2.285745
2.288057
2.289027
2.290941
2.292808
2.294337
2.295556
2.297381
2.298923
2.299827
2.301775
2.304254
2.304931
2.307478
2.308464
2.311095
2.314937
2.316948
2.319903
2.322553
2.325568
2.328253
2.331902
2.334621
2.337016
2.339424
2.342786
2.344275
2.346386
2.347897
2.348474
2.349684
2.351231
2.350584
2.350274
2.349977
2.348430
2.347528
2.346651
2.344493
2.342968
2.341118
2.338633
2.336440
2.333260
2.331031
2.328127
2.325212
2.322602
2.319993
2.317715
2.315446
2.313523
2.311324
2.310430
2.307693
2.305954
2.305210
2.304491
2.302571
2.300306
2.299959
2.299025
2.297380
2.296980
2.295887
2.294754
2.293954
2.294618
2.294618
2.294242
2.294811
2.295286
2.295767
2.297152
2.297602
2.299288
2.300986
2.302074
2.304086
2.306439
2.308809
2.312165
2.313969
2.316753
2.320819
2.323357
2.327129
2.329369
2.332574
2.335814
2.338721
2.342252
2.344259
2.347477
2.350719
2.353654
2.356237
2.357942
2.360269
2.362249
2.364315
2.366946
2.368733
2.371127
2.373550
2.375956
2.377223
2.379685
2.380912
2.383370
2.384316
2.385865
2.385776
2.386773
2.387246
2.387853
2.388036
2.386620
2.386388
2.385803
2.384620
2.383015
2.381343
2.379973
2.378841
2.376462
2.373957
2.373088
2.369961
2.368107
2.366210
2.364277
2.362160
2.360268
2.358402
2.355660
2.354785
2.352664
2.350970
2.350160
2.349444
2.349354
2.348333
2.348663
2.348634
2.349951
2.350597
2.351274
2.352923
2.353292
2.354943
2.356254
2.357289
2.357987
2.359969
2.360639
2.361010
2.361050
2.361395
2.362309
2.361346
2.361370
2.360374
2.358682
2.357695
2.356672
2.354630
2.353539
2.351546
2.350134
2.347816
2.345470
2.343454
2.340824
2.340418
2.338458
2.336840
2.334295
2.334007
2.333129
2.332274
2.332142
2.331697
2.331644
2.332895
2.331988
2.333700
2.335076
2.335927
2.338323
2.338537
2.341012
2.344415
2.345261
2.347945
2.351179
2.353127
2.355990
2.360699
2.363182
2.367099
2.371018
2.374158
2.378593
2.383167
2.386818
2.391794
2.395985
2.401881
2.406472
2.411988
2.416586
2.421720
2.427637
2.432633
2.438939
2.442627
2.448934
2.454320
2.460091
2.465088
2.470860
2.477554
2.483324
2.490405
2.496177
2.502872
2.509035
2.515592
2.522686
2.530704
2.538203
2.544791
2.553245
2.560795
2.568346
2.577256
2.585809
2.593867
2.602895
2.611956
2.621482
2.629770
2.639019
2.648268
2.656690
2.665718
2.673771
2.682832
2.692375
2.700633
2.709836
2.718922
2.727219
2.736369
2.745134
2.752675
2.759989
2.767890
2.774176
2.780701
2.787067
2.793970
2.799810
2.805139
2.810938
2.816148
2.821381
2.825714
2.830760
2.835894
2.840500
2.845624
2.851015
2.855994
2.860555
2.866371
2.871716
2.877515
2.882908
2.890604
2.896488
2.903824
2.910679
2.919803
2.926392
2.934311
2.943277
2.950953
2.960425
2.968614
2.976844
2.984762
2.992565
2.999533
3.006523
3.013098
3.019985
3.025713
3.032178
3.036874
3.041489
3.046999
3.050820
3.054912
3.059012
3.062749
3.066850
3.069882
3.073090
3.076299
3.079331
3.082011
3.084151
3.086732
3.089326
3.091920
3.093524
3.095950
3.096676
3.098737
3.101172
3.102636
3.104185
3.106710
3.108265
3.110357
3.112814
3.114091
3.116629
3.120139
3.122829
3.125519
3.129617
3.132818
3.137428
3.141578
3.143653
3.147964
3.151442
3.153957
3.157102
3.159272
3.161103
3.162505
3.162951
3.164307
3.164889
3.163175
3.161842
3.160408
3.156860
3.154012
3.149831
3.145097
3.140688
3.134518
3.128106
3.122576
3.115042
3.108492
3.100868
3.093209
3.085043
3.077218
3.069410
3.061988
3.054127
3.046745
3.039839
3.032951
3.026083
3.020219
3.015186
3.009811
3.005041
3.001560
2.997270
2.994860
2.991999
2.991018
2.989283
2.988322
2.988370
2.988482
2.987663
2.987260
2.987392
2.986930
2.985661
2.984743
2.982530
2.979733
2.976938
2.973617
2.969424
2.965586
2.962185
2.956963
2.952586
2.947867
2.943042
2.939188
2.934363
2.931858
2.928053
2.924724
2.923137
2.921182
2.919260
2.917729
2.917583
2.916090
2.916858
2.917615
2.917941
2.920026
2.921250
2.923366
2.925967
2.928573
2.932070
2.935585
2.938206
2.943091
2.946202
2.950649
2.954677
2.960042
2.964521
2.969007
2.973943
2.980681
2.986529
2.992849
2.998246
3.004136
3.010466
3.015889
3.022249
3.028136
3.033567
3.037684
3.042670
3.048085
3.051705
3.054864
3.058910
3.061561
3.063751
3.066406
3.068115
3.069770
3.071008
3.072679
3.073884
3.074644
3.076310
3.078003
3.079250
3.080517
3.082704
3.085806
3.087587
3.091173
3.093879
3.096598
3.100210
3.103806
3.107427
3.111029
3.115517
3.119566
3.123170
3.127210
3.130828
3.135330
3.139390
3.143470
3.147557
3.150738
3.154823
3.158453
3.161626
3.163902
3.167953
3.169770
3.171105
3.172902
3.173783
3.174668
3.173748
3.173289
3.172403
3.171077
3.170613
3.167991
3.164894
3.163149
3.160985
3.157454
3.155312
3.153127
3.150045
3.147878
3.145291
3.143568
3.142279
3.140996
3.139297
3.139366
3.138553
3.138219
3.137867
3.137553
3.137691
3.138260
3.137935
3.138499
3.138164
3.139229
3.138843
3.138531
3.140001
3.139628
3.138836
3.138893
3.138531
3.138172
3.139145
3.138369
3.137116
3.136771
3.137759
3.136612
3.137182
3.136000
3.136304
3.135611
3.134550
3.134827
3.133355
3.132795
3.130855
3.129047
3.127180
3.125324
3.121185
3.118866
3.115236
3.112044
3.107962
3.103416
3.099298
3.095559
3.091071
3.086392
3.083116
3.078943
3.073870
3.070969
3.067557
3.064936
3.061012
3.059246
3.055578
3.054527
3.051706
3.049732
3.047695
3.045137
3.043962
3.041814
3.041052
3.038408
3.036355
3.034650
3.031705
3.029617
3.027539
3.024715
3.022242
3.019925
3.017545
3.014343
3.011616
3.008974
3.006332
3.001959
2.999407
2.996012
2.991365
2.987635
2.983846
2.980702
2.977129
2.973497
2.970015
2.965633
2.962578
2.958773
2.955306
2.951935
2.948499
2.944732
2.943033
2.939612
2.937518
2.934433
2.932575
2.929816
2.926967
2.925336
2.921890
2.920065
2.917335
2.915818
2.914711
2.910777
2.909376
2.907577
2.904468
2.903097
2.901224
2.901171
2.899319
2.898798
2.898356
2.899362
2.899355
2.899626
2.901614
2.903396
2.906381
2.908645
2.911052
2.913368
2.917102
2.920079
2.922025
2.924970
2.928400
2.931746
2.934682
2.936892
2.940744
2.944116
2.946390
2.949924
2.952899
2.955117
2.957777
2.961008
2.962751
2.965455
2.967195
2.970364
2.972477
2.975538
2.978541
2.981090
2.985235
2.988623
2.992668
2.995790
2.998787
3.002510
3.004656
3.007818
3.010056
3.011518
3.012839
3.014237
3.015084
3.015568
3.015133
3.015256
3.015242
3.013698
3.013455
3.011470
3.010409
3.008974
3.007781
3.005974
3.004719
3.002236
3.000989
2.999995
2.997525
2.995618
2.993782
2.991025
2.988702
2.986383
2.983073
2.980620
2.977304
2.974495
2.970909
2.966397
2.963816
2.959672
2.955532
2.952055
2.947658
2.944196
2.940114
2.937340
2.933584
2.929468
2.925743
2.923264
2.919885
2.917134
2.915176
2.911925
2.908828
2.907902
2.905292
2.903544
2.901547
2.900473
2.898162
2.896772
2.896776
2.895547
2.894906
2.895263
2.894224
2.895601
2.895678
2.895772
2.898110
2.898828
2.900474
2.901541
2.904035
2.905628
2.908041
2.910260
2.912079
2.915725
2.918558
2.921504
2.924652
2.928207
2.932082
2.934960
2.938248
2.942275
2.947109
2.950567
2.955748
2.961871
2.967493
2.973217
2.979665
2.987592
2.995606
3.003108
3.012395
3.021831
3.031277
3.040281
3.052505
3.062576
3.072658
3.081903
3.092642
3.101908
3.111412
3.119466
3.128074
3.134816
3.141716
3.147637
3.153147
3.159155
3.162452
3.166733
3.170053
3.172973
3.174918
3.175630
3.176718
3.177895
3.179016
3.178915
3.180071
3.179409
3.180069
3.179891
3.180428
3.180505
3.180903
3.180835
3.180689
3.179491
3.179993
3.179973
3.180029
3.179900
3.179792
3.179702
3.179971
3.180266
3.180586
3.179613
3.179485
3.179057
3.178514
3.178544
3.176849
3.175115
3.173451
3.172705
3.171121
3.169121
3.166222
3.164289
3.161032
3.158216
3.153690
3.149656
3.145681
3.140313
3.135958
3.129388
3.124622
3.118539
3.112534
3.105664
3.099276
3.093291
3.085096
3.078272
3.070946
3.063703
3.055948
3.049905
3.042456
3.035015
3.028462
3.021916
3.014834
3.008569
3.001977
2.995722
2.989889
2.985875
2.981804
2.976988
2.975218
2.973453
2.971752
2.972225
2.972820
2.973419
2.976682
2.979576
2.983776
2.988038
2.992799
2.997010
3.003076
3.009154
3.015605
3.021000
3.026592
3.032434
3.037719
3.042648
3.047385
3.052074
3.055911
3.059154
3.062414
3.064280
3.066126
3.068465
3.069864
3.071227
3.072658
3.074147
3.075641
3.078174
3.080613
3.084459
3.087100
3.090634
3.094687
3.099267
3.103856
3.108960
3.114578
3.119696
3.127048
3.133541
3.140547
3.147906
3.155270
3.162633
3.170855
3.178569
3.184912
3.193484
3.200686
3.207722
3.213900
3.220938
3.227467
3.234348
3.239514
3.245544
3.251070
3.256098
3.261135
3.265316
3.269502
3.274197
3.277030
3.280866
3.283341
3.284948
3.286682
3.288790
3.289160
3.289653
3.289651
3.289278
3.288909
3.288171
3.286941
3.284847
3.283257
3.279434
3.277854
3.274914
3.271608
3.267312
3.264368
3.259206
3.254910
3.250113
3.244938
3.240144
3.234478
3.229663
3.222631
3.217309
3.211648
3.205467
3.200159
3.193992
3.187812
3.182506
3.177201
3.171896
3.166592
3.161652
3.156877
3.152782
3.149234
3.144299
3.140737
3.137564
3.134376
3.131192
3.128363
3.125212
3.121913
3.119130
3.116383
3.113083
3.110357
3.107969
3.105628
3.101899
3.098757
3.095553
3.093637
3.090542
3.087794
3.084617
3.083315
3.079364
3.078158
3.075950
3.072619
3.070945
3.068063
3.066441
3.064508
3.061177
3.058744
3.056878
3.053600
3.051696
3.048775
3.045454
3.043021
3.039167
3.035787
3.033294
3.029841
3.027738
3.025003
3.020678
3.018409
3.016652
3.015185
3.012464
3.011430
3.010602
3.009575
3.009895
3.010305
3.010720
3.011490
3.012451
3.013233
3.015980
3.017756
3.019620
3.021491
3.024344
3.027114
3.029084
3.031058
3.034548
3.036184
3.039159
3.040350
3.042972
3.043739
3.044514
3.045728
3.046051
3.045516
3.045419
3.044431
3.043877
3.042472
3.041074
3.039684
3.037402
3.035920
3.033651
3.031389
3.028543
3.025701
3.021541
3.018593
3.016177
3.011914
3.008487
3.004159
3.000923
2.997384
2.994261
2.990722
2.988692
2.986775
2.983123
2.982414
2.980983
2.979858
2.978846
2.977195
2.977987
2.977769
2.978037
2.977511
2.977675
2.979374
2.979755
2.978817
2.980103
2.980487
2.981361
2.980534
2.980921
2.980589
2.980281
2.979849
2.979028
2.976997
2.976676
2.974545
2.972415
2.970789
2.967862
2.965229
2.961796
2.960184
2.956547
2.952212
2.948181
2.943747
2.938814
2.933664
2.928636
2.924404
2.917955
2.912717
2.907386
2.901765
2.896448
2.890224
2.886230
2.880935
2.876867
2.871982
2.868458
2.864816
2.861789
2.859084
2.856467
2.854776
2.854853
2.854170
2.854205
2.854452
2.855029
2.856598
2.858174
2.860146
2.863167
2.866067
2.868642
2.871221
2.875113
2.878562
2.882129
2.885978
2.889550
2.893554
2.897083
2.900616
2.903768
2.908184
2.910426
2.913978
2.916526
2.920047
2.922269
2.925225
2.926502
2.929476
2.930230
2.931343
2.932823
2.933040
2.933654
2.934281
2.933979
2.933712
2.932925
2.931753
2.931155
2.929492
2.928004
2.926905
2.924119
2.922264
2.921332
2.920406
2.918171
2.916073
2.914760
2.913201
2.912032
2.909945
2.908397
2.906083
2.903622
2.901706
2.899797
2.897895
2.895073
2.892809
2.891303
2.888876
2.887008
2.884965
2.883484
2.882196
2.879619
2.878903
2.877074
2.877128
2.876994
2.875599
2.874949
2.875599
2.875022
2.873326
2.873127
2.872811
2.870809
2.870552
2.868986
2.867797
2.866282
2.864754
2.863247
2.862116
2.860610
2.859993
2.858028
2.857902
2.856824
2.856619
2.854743
2.853686
2.853089
2.852539
2.853359
2.852312
2.852727
2.852650
2.853901
2.853878
2.853924
2.854791
2.857092
2.858054
2.859950
2.861895
2.864251
2.867539
2.869527
2.874154
2.876586
2.881258
2.884997
2.890076
2.894259
2.899350
2.903909
2.909397
2.915288
2.921167
2.927049
2.934242
2.941438
2.948085
2.956595
2.964176
2.972139
2.981422
2.989404
2.998699
3.007078
3.015464
3.023324
3.031192
3.038152
3.045521
3.052499
3.059496
3.065073
3.072084
3.078217
3.083431
3.089159
3.094377
3.098290
3.101811
3.105718
3.109229
3.111428
3.113095
3.115249
3.117000