2.910938691033315706e+00
2.910926875195714914e+00
2.911076036216649676e+00
2.911348583500695586e+00
2.911705814355424859e+00
2.912109161060377094e+00
2.912521501135546753e+00
2.912908370700322269e+00
2.913238961064219534e+00
2.913486857847565670e+00
2.913630860139408973e+00
2.913655710548059385e+00
2.913552024267332730e+00
2.913316261957333175e+00
2.912951305835346894e+00
2.912461039613149172e+00
2.911851909036304864e+00
2.911132326874766196e+00
2.910311391650933555e+00
2.909398172344209055e+00
2.908401108685211955e+00
2.907327683916542060e+00
2.906184362105146413e+00
2.904976569013754784e+00
2.903708759866839628e+00
2.902384676528106944e+00
2.901007765846573161e+00
2.899581611928536251e+00
2.898110439396205606e+00
2.896599687559151537e+00
2.895056431857198298e+00
2.893489770846768394e+00
2.891911039838123809e+00
2.890334104712461993e+00
2.888775516523431897e+00
2.887254683487250340e+00
2.885793933309681147e+00
2.884419275304668684e+00
2.883157949352502136e+00
2.882036799391340498e+00
2.881091069098618007e+00
2.880351621210842428e+00
2.879845215827345761e+00
2.879596181448481396e+00
2.879623721602649233e+00
2.879941969054894635e+00
2.880559937832658068e+00
2.881478947184187955e+00
2.882691604316983902e+00
2.884182066080196449e+00
2.885926870950908274e+00
2.887895804270565137e+00
2.890053453782274850e+00
2.892361768945550970e+00
2.894783204522127562e+00
2.897283563719433186e+00
2.899833919940685956e+00
2.902411637313201620e+00
2.905000679741131631e+00
2.907591440832964835e+00
2.910180652029860759e+00
2.912771903466059964e+00
2.915375780836983566e+00
2.918008257772762182e+00
2.920691648981390109e+00
2.923455807696007991e+00
2.926341701521574468e+00
2.929391827786855362e+00
2.932632416661411501e+00
2.936071279178729121e+00
2.939707231414822264e+00
2.943525891924038795e+00
2.947502375164587018e+00
2.951601094132091596e+00
2.955778626236494233e+00
2.959985343205406849e+00
2.964166010177199162e+00
2.968262818241780732e+00
2.972216675564732569e+00
2.975968358400491454e+00
2.979459862554995286e+00
2.982636705973737978e+00
2.985450847236580163e+00
2.987863567657113251e+00
2.989847704167047482e+00
2.991388727875082587e+00
2.992484596029496124e+00
2.993144463146564238e+00
2.993386825668658879e+00
2.993237509711524691e+00
2.992727684200660487e+00
2.991892107248914190e+00
2.990767819903562774e+00
2.989393478588500130e+00
2.987809212579693785e+00
2.986056899164344358e+00
2.984180565537093877e+00
2.982226726206443246e+00
2.980244575347395841e+00
2.978285487423229849e+00
2.976401407502266228e+00
2.974642326316707663e+00
2.973053753347930872e+00
2.971674740930700498e+00
2.970536722553133835e+00
2.969663281608982519e+00
2.969070623701131506e+00
2.968768385027723777e+00
2.968760633623854339e+00
2.969046841857332364e+00
2.969622707103994674e+00
2.970480782962072741e+00
2.971610876241213450e+00
2.973000286215035537e+00
2.974633933872969926e+00
2.976494385779971719e+00
2.978561746994677684e+00
2.980813520412335826e+00
2.983224340112000217e+00
2.985765641157994477e+00
2.988405105045199850e+00
2.991106229019532048e+00
2.993827799062684925e+00
2.996523649241743747e+00
2.999142790886026866e+00
3.001630015625917913e+00
3.003927199466116971e+00
3.005975086863643675e+00
3.007715714576419508e+00
3.009095201530656460e+00
3.010066736857626157e+00
3.010593294392844399e+00
3.010649830747671452e+00
3.010224724952809794e+00
3.009320467110760955e+00
3.007953658966176835e+00
3.006154423014758770e+00
3.003965261509147222e+00
3.001439260530371911e+00
2.998637821619853039e+00
2.995628065881332791e+00
2.992480099041257890e+00
2.989264091937827050e+00
2.986047947034075278e+00
2.982895201058889612e+00
2.979863216767652201e+00
2.977001910566069220e+00
2.974352697864051098e+00
2.971947852411202184e+00
2.969810173658943508e+00
2.967952897541721757e+00
2.966379865220643008e+00
2.965085962823360344e+00
2.964057832250962310e+00
2.963274853007515919e+00
2.962710375291782938e+00
2.962333134773836640e+00
2.962108785030080238e+00
2.962001426671728055e+00
2.961975024906281728e+00
2.961994839931699985e+00
2.962028857861159548e+00
2.962048939490428356e+00
2.962031904172125252e+00
2.961960938499247575e+00
2.961826139164622340e+00
2.961623572394731063e+00
2.961353981254345680e+00
2.961021050644605523e+00
2.960629312554498238e+00
2.960182516083935234e+00
2.959682362588503146e+00
2.959128506606198528e+00
2.958518350406289521e+00
2.957847484794366544e+00
2.957110233094760954e+00
2.956300875349790136e+00
2.955414473877200354e+00
2.954448316050561019e+00
2.953403176347372927e+00
2.952284547127400849e+00
2.951103576028815123e+00
2.949877977539195673e+00
2.948632464300324330e+00
2.947398947737883912e+00
2.946216361160406194e+00
2.945130022671281544e+00
2.944190655460051431e+00
2.943452461492040761e+00
2.942970584737787831e+00
2.942798010761094485e+00
2.942981667136317370e+00
2.943558327701667032e+00
2.944550493057415341e+00
2.945963026567672394e+00
2.947783041732066955e+00
2.949982998282715929e+00
2.952525251100019066e+00
2.955365910175711264e+00
2.958457978289520174e+00
2.961754004984802346e+00
2.965208280325028145e+00
2.968778497934574379e+00
2.972427667862876710e+00
2.976126298075707499e+00
2.979852922228692691e+00
2.983598523718550055e+00
2.987380619708827734e+00
2.991225727076525231e+00
2.995139504939357433e+00
2.999130021140735458e+00
3.003205111934962090e+00
3.007371073784451898e+00
3.011630041885466014e+00
3.015978384129494039e+00
3.020406074672936203e+00
3.024896688502148656e+00
3.029428571273640181e+00
3.033977096173956056e+00
3.038517211514937255e+00
3.043025428406912702e+00
3.047481311307182139e+00
3.051867505007203274e+00
3.056170581143982545e+00
3.060378597702283265e+00
3.064478624730701206e+00
3.068460026914652250e+00
3.072310709640150517e+00
3.076016804228855150e+00
3.079563283314451727e+00
3.082934773657587613e+00
3.086116213321715485e+00
3.089095540364179104e+00
3.091866336500916912e+00
3.094430029359628520e+00
3.096796650364194825e+00
3.098983420673617317e+00
3.101011952974657593e+00
3.102905216866384208e+00
3.104684723498595478e+00
3.106368119452461496e+00
3.107967138448467281e+00
3.109486102230647919e+00
3.110921150724410555e+00
3.112259978578118869e+00
3.113482097934024306e+00
3.114559547105064219e+00
3.115458377580961891e+00
3.116140687425929645e+00
3.116567288701868499e+00
3.116700955901504866e+00
3.116509971217741981e+00
3.115971342331491201e+00
3.115072846427255460e+00
3.113813750156651849e+00
3.112204315167380830e+00
3.110264918802124523e+00
3.108025333314786032e+00
3.105524221721135625e+00
3.102808840356457321e+00
3.099934650341488851e+00
3.096964591980756243e+00
3.093967606073952936e+00
3.091016521028078223e+00
3.088185434627380932e+00
3.085546802073217521e+00
3.083168470111555592e+00
3.081110868798179414e+00
3.079424667986354613e+00
3.078148704750331532e+00
3.077309154478482522e+00
3.076919619839792119e+00
3.076981363195064656e+00
3.077484317565437610e+00
3.078408501808823416e+00
3.079725643705859550e+00
3.081401004822407863e+00
3.083395103103957258e+00
3.085665468826888080e+00
3.088168314485787658e+00
3.090860115824250798e+00
3.093698996255852762e+00
3.096645875220854105e+00
3.099665309517766421e+00
3.102725956934508034e+00
3.105800544225754134e+00
3.108865348933565809e+00
3.111899238061759387e+00
3.114882298345893474e+00
3.117794278646675465e+00
3.120612803252885481e+00
3.123311582425267741e+00
3.125859073846369185e+00
3.128217914963121959e+00
3.130345338055728011e+00
3.132194906552792091e+00
3.133719585272336072e+00
3.134875657994823595e+00
3.135626040695858041e+00
3.135941612874451501e+00
3.135801004216895116e+00
3.135189896137065446e+00
3.134100514526366066e+00
3.132531591410648186e+00
3.130488802372473511e+00
3.127985691070333640e+00
3.125045014270542154e+00
3.121700231251908875e+00
3.117996951056826394e+00
3.113993737509300530e+00
3.109761500123563227e+00
3.105380739901329790e+00
3.100936896803670351e+00
3.096515013390206850e+00
3.092195194931302016e+00
3.088049650224060638e+00
3.084140973651180229e+00
3.080521609672271399e+00
3.077234064706622529e+00
3.074311581082542322e+00
3.071779031116695258e+00
3.069653071351681195e+00
3.067941806638678326e+00
3.066646081256424683e+00
3.065751517087949019e+00
3.065230725402221079e+00
3.065047163027203592e+00
3.065160674081332193e+00
3.065527999705849549e+00
3.066102837947568105e+00
3.066836831432487198e+00
3.067681287813251778e+00
3.068589386054910939e+00
3.069518183338954653e+00
3.070429783680129088e+00
3.071291996409172942e+00
3.072079264572059820e+00
3.072772072045728997e+00
3.073353519783158738e+00
3.073809046547593571e+00
3.074125357672990333e+00
3.074291153367405105e+00
3.074293046920359540e+00
3.074115845800441171e+00
3.073745314094868508e+00
3.073163599409721947e+00
3.072357151559148125e+00
3.071311573345171464e+00
3.070011878204784939e+00
3.068440274330633155e+00
3.066577767505055174e+00
3.064404940600281346e+00
3.061903655547645542e+00
3.059059382917235670e+00
3.055861673431479630e+00
3.052309559558608054e+00
3.048404640849105895e+00
3.044153559264821673e+00
3.039568780129519254e+00
3.034670433902812547e+00
3.029487616446596476e+00
3.024058159632744047e+00
3.018429314576045019e+00
3.012658411217413512e+00
3.006812779041768469e+00
3.000968226867834154e+00
2.995205612320874788e+00
2.989606713053929443e+00
2.984249989644823131e+00
2.979206939674684307e+00
2.974538892078619767e+00
2.970295485876403241e+00
2.966514121869380016e+00
2.963219074242205764e+00
2.960422984740765262e+00
2.958136274679923794e+00
2.956357425791018567e+00
2.955077921558622922e+00
2.954281038838021178e+00
2.953944982889467052e+00
2.954044337186957581e+00
2.954546270545954645e+00
2.955413811555187564e+00
2.956608420976052809e+00
2.958092492505030258e+00
2.959831336648617306e+00
2.961793177233509322e+00
2.963950284713006145e+00
2.966282377794206671e+00
2.968776366704093395e+00
2.971421844972318649e+00
2.974210947569828178e+00
2.977136198199572981e+00
2.980190241676903717e+00
2.983365139018493650e+00
2.986651434669735927e+00
2.990038129353489893e+00
2.993512315945455082e+00
2.997058520831676454e+00
3.000658273932775177e+00
3.004290155506646798e+00
3.007930282697101720e+00
3.011552616348018407e+00
3.015129518998602265e+00
3.018632639925688199e+00
3.022033913577445663e+00
3.025306890288088635e+00
3.028428932286807651e+00
3.031382808882377766e+00
3.034156854895569300e+00
3.036745764919496438e+00
3.039152028120186699e+00
3.041386651890655379e+00
3.043468869948202649e+00
3.045425811961126605e+00
3.047292309005289468e+00
3.049110130015375120e+00
3.050926095933108151e+00
3.052789339829897752e+00
3.054748369145221076e+00
3.056848300082565917e+00
3.059128385736732625e+00
3.061619923269629062e+00
3.064344695759296133e+00
3.067314163501103419e+00
3.070529568612736515e+00
3.073983106099857032e+00
3.077660305080845760e+00
3.081542724691423096e+00
3.085610104201414128e+00
3.089841650926084426e+00
3.094215658550963699e+00
3.098709689273494661e+00
3.103298591097537251e+00
3.107942630955347507e+00
3.112604150309755902e+00
3.117235172776407381e+00
3.121779392764566730e+00
3.126176723912520661e+00
3.130369294478378084e+00
3.134306542531772877e+00
3.137948406085970365e+00
3.141266493261499537e+00
3.144243458104664324e+00
3.146870810742630198e+00
3.149146022928413835e+00
3.151070397238562304e+00
3.152648221723841182e+00
3.153885109311986845e+00
3.154788239999142263e+00
3.155364510278218404e+00
3.155614131069259365e+00
3.155550372837947037e+00
3.155187633332723784e+00
3.154541414658403653e+00
3.153631941073566036e+00
3.152482872430819594e+00
3.151120692875524654e+00
3.149574403707183556e+00
3.147874855163752539e+00
3.146054257468539284e+00
3.144145980387540895e+00
3.142184551873946408e+00
3.140205895758033883e+00
3.138247547918773250e+00
3.136348621437854867e+00
3.134549449236722296e+00
3.132890851035741608e+00
3.131413120196294475e+00
3.130154627746972285e+00
3.129150557285839351e+00
3.128431670056231795e+00
3.128023387861295301e+00
3.127944992853596062e+00
3.128208829873746044e+00
3.128819546267183949e+00
3.129773268988622181e+00
3.131056755539862291e+00
3.132646668593554118e+00
3.134509186722614249e+00
3.136600579708689995e+00
3.138868991435930678e+00
3.141257697945971650e+00
3.143709134957049844e+00
3.146169058922754669e+00
3.148590239249023259e+00
3.150934477859415939e+00
3.153173269402434808e+00
3.155287098727718842e+00
3.157265766350387359e+00
3.159107829371172738e+00
3.160817720617179027e+00
3.162404455932799507e+00
3.163882168593301181e+00
3.165266831101150480e+00
3.166575334798614527e+00
3.167825508299777049e+00
3.169034729398496175e+00
3.170219232273433718e+00
3.171393711227988632e+00
3.172570887979599963e+00
3.173761056590457041e+00
3.174971663534470689e+00
3.176207453632369226e+00
3.177470223576600805e+00
3.178758880595109027e+00
3.180069778274545289e+00
3.181397204784476962e+00
3.182733981935749856e+00
3.184072504847487384e+00
3.185403974457870824e+00
3.186719975055527510e+00
3.188009418344095014e+00
3.189267359758433784e+00
3.190494024352039659e+00
3.191690363639313688e+00
3.192856267343162635e+00
3.193997281721306258e+00
3.195120299321156043e+00
3.196232840707828871e+00
3.197342662689297121e+00
3.198456684058808452e+00
3.199579524137740716e+00
3.200712158103939053e+00
3.201850743181548165e+00
3.202985477753206300e+00
3.204099902898588592e+00
3.205170718670227181e+00
3.206167822886660357e+00
3.207055490648059504e+00
3.207793667767946388e+00
3.208340191297537558e+00
3.208653035359478434e+00
3.208692576230594895e+00
3.208423867237347960e+00
3.207818511761433289e+00
3.206856506504897286e+00
3.205527248041272870e+00
3.203830505887225844e+00
3.201777075557689756e+00
3.199388896201406318e+00
3.196698581242167769e+00
3.193749237290407716e+00
3.190593913029475814e+00
3.187294063972498037e+00
3.183917413781989225e+00
3.180535895775244981e+00
3.177223042353183757e+00
3.174050826309669837e+00
3.171086143498855758e+00
3.168387703473383166e+00
3.166003785587666375e+00
3.163970900447202972e+00
3.162313125004856840e+00
3.161042232357607507e+00
3.160158011365894026e+00
3.159649331477356160e+00
3.159495435982699885e+00
3.159667313234959085e+00
3.160128410075073724e+00
3.160836023119704130e+00
3.161743613458541713e+00
3.162800826992332226e+00
3.163955316444996946e+00
3.165154531770394186e+00
3.166346882084861925e+00
3.167483064129604120e+00
3.168516525510774340e+00
3.169404312224014308e+00
3.170107750728584861e+00
3.170593810362633214e+00
3.170834158460732244e+00
3.170805295528374756e+00
3.170488464984757115e+00
3.169869375845892012e+00
3.168937512979738802e+00
3.167685264919123167e+00
3.166105924510913106e+00
3.164195303120781233e+00
3.161940349121564520e+00
3.159326465853365296e+00
3.156351813104593784e+00
3.153027833057960194e+00
3.149373871361236699e+00
3.145412755131025140e+00
3.141170662238553124e+00
3.136673026775839368e+00
3.131943720338986381e+00
3.127009577958864472e+00
3.121905948867182978e+00
3.116668037722613249e+00
3.111337007958276946e+00
3.105962706111714322e+00
3.100600925231953742e+00
3.095312074944008174e+00
3.090157483241929182e+00
3.085196178248368781e+00
3.080482377080868250e+00
3.076063928884564369e+00
3.071981337661624067e+00
3.068267425354943345e+00
3.064947275843202590e+00
3.062038204708536604e+00
3.059549608289589440e+00
3.057482693400726870e+00
3.055830256734138217e+00
3.054576904994465547e+00
3.053699806078939538e+00
3.053169002067469773e+00
3.052947577177297145e+00
3.052994131910594433e+00
3.053264949716329557e+00
3.053714772832015090e+00
3.054296465876870759e+00
3.054964134582174751e+00
3.055673955522824059e+00
3.056384142767966772e+00
3.057055544409910119e+00
3.057652036365313464e+00
3.058140435406690116e+00
3.058490771043299805e+00
3.058676517117175475e+00
3.058674872377790344e+00
3.058466928910841265e+00
3.058037767604601331e+00
3.057376311871023322e+00
3.056475027688627666e+00
3.055329596726295893e+00
3.053938540762612064e+00
3.052302960000408127e+00
3.050426415665563606e+00
3.048314933264238302e+00
3.045977040705973860e+00
3.043423775453137470e+00
3.040668607887703878e+00
3.037727145874407952e+00
3.034616531417622110e+00
3.031354804373496137e+00
3.027960880035283520e+00
3.024454570038581203e+00
3.020855271998209801e+00
3.017182129528688694e+00
3.013454186654774603e+00
3.009691466650620040e+00
3.005915945584010096e+00
3.002152079484562641e+00
2.998427133438791969e+00
2.994770587222932434e+00
2.991213521494644922e+00
2.987787047168608545e+00
2.984525144862597124e+00
2.981455696762392638e+00
2.978609112433028727e+00
2.976007107576372324e+00
2.973660205875691354e+00
2.971571334517288054e+00
2.969732620582662186e+00
2.968127883147817947e+00
2.966733859691730313e+00
2.965523192190321566e+00
2.964458775568927340e+00
2.963498010771465463e+00
2.962594544200038538e+00
2.961703128989409350e+00
2.960784225628900312e+00
2.959803589108756405e+00
2.958734277484865505e+00
2.957556147033594485e+00
2.956255892888833170e+00
2.954821610830650425e+00
2.953255527014867710e+00
2.951566131061553300e+00
2.949767250062621748e+00
2.947877341090434644e+00
2.945918078155440600e+00
2.943913174416423750e+00
2.941887220644773038e+00
2.939864229391277561e+00
2.937866121311980994e+00
2.935911471501635006e+00
2.934015180340658890e+00
2.932184912620336092e+00
2.930423118998875420e+00
2.928731342555678019e+00
2.927108026493445259e+00
2.925544866297568269e+00
2.924030981085270486e+00
2.922558412768105018e+00
2.921121719859857357e+00
2.919721843017927476e+00
2.918365654502030448e+00
2.917066836079356573e+00
2.915845793147873177e+00
2.914728737142805226e+00
2.913746075837760241e+00
2.912930708660354195e+00
2.912316285039534769e+00
2.911935470384734881e+00
2.911818327122433825e+00
2.911990860846997986e+00
2.912473729853380267e+00
2.913281110318588052e+00
2.914419663598387444e+00
2.915887594315480502e+00
2.917673786136201652e+00
2.919757055285852498e+00
2.922105638982783304e+00
2.924677140304749567e+00
2.927419288835571454e+00
2.930271985287398184e+00
2.933170768510180437e+00
2.936051120768659928e+00
2.938852422438108736e+00
2.941520719481784951e+00
2.944010206414911401e+00
2.946283690002911460e+00
2.948312376616605501e+00
2.950075232814330484e+00
2.951558178644842823e+00
2.952753219540522167e+00
2.953657582805110149e+00
2.954272799563828489e+00
2.954603813047177674e+00
2.954658191663889877e+00
2.954445426007834996e+00
2.953976514936675013e+00
2.953263839870689633e+00
2.952321327707254639e+00
2.951164741942469139e+00
2.949811894164716897e+00
2.948282455729670737e+00
2.946597202520467640e+00
2.944776741728690972e+00
2.942840014182646957e+00
2.940803017524778351e+00
2.938677894718653594e+00
2.936472770843613578e+00
2.934192062363682130e+00
2.931837432291291456e+00
2.929408862330866725e+00
2.926906634173511712e+00
2.924333071999804190e+00
2.921695463940467086e+00
2.919003148271517301e+00
2.916269838758908772e+00
2.913515722067384406e+00
2.910770402260316025e+00
2.908064379889615747e+00
2.905429871612192017e+00
2.902899031901838178e+00
2.900504052788553278e+00
2.898278849191030737e+00
2.896253785355356936e+00
2.894451130455660604e+00
2.892886595452106135e+00
2.891568455189655218e+00
2.890496473940227240e+00
2.889661758037055161e+00
2.889047265396716302e+00
2.888628997817689115e+00
2.888377598671488133e+00
2.888260387935392526e+00
2.888243341081219384e+00
2.888293177122828848e+00
2.888379337699154448e+00
2.888475687517043866e+00
2.888561831888396103e+00
2.888624029476432931e+00
2.888655664945142476e+00
2.888657271158517226e+00
2.888636176737097383e+00
2.888605895380227828e+00
2.888585299358460201e+00
2.888597634412783943e+00
2.888669506431644329e+00
2.888829971441053246e+00
2.889109764574401051e+00
2.889540492197807176e+00
2.890153663421628050e+00
2.890979367747972706e+00
2.892044413581588813e+00
2.893370032515512502e+00
2.894969495833320750e+00
2.896846196787677297e+00
2.898993088008342323e+00
2.901394115024121589e+00
2.904027268997107392e+00
2.906868058948725242e+00
2.909892347027008164e+00
2.913078120280552685e+00
2.916406351039797507e+00
2.919861185237187851e+00
2.923429751927544284e+00
2.927101747178082469e+00
2.930868983683945661e+00
2.934725161904314650e+00
2.938665697956401424e+00
2.942687531404092116e+00
2.946789500209622492e+00
2.950972248741563497e+00
2.955237858604879531e+00
2.959588977268040377e+00
2.964027745153546167e+00
2.968554702962877379e+00
2.973166722693952657e+00
2.977861281914696789e+00
2.982617209059243546e+00
2.987415846951300580e+00
2.992229396590464496e+00
2.997024439977271193e+00
3.001761350579288390e+00
3.006395624710806125e+00
3.010880078947557159e+00
3.015167257212394869e+00
3.019211884212646968e+00
3.022972947411510347e+00
3.026415471712028182e+00
3.029511920386670720e+00
3.032243204066799258e+00
3.034599293822514365e+00
3.036579459233575307e+00
3.038192115214973121e+00
3.039454293620821534e+00
3.040390714467664957e+00
3.041032487476043489e+00
3.041415526612344156e+00
3.041578817837244486e+00
3.041562633159196061e+00
3.041406710607158725e+00
3.041148647493097990e+00
3.040822494507296803e+00
3.040457654640582597e+00
3.040078075845975558e+00
3.039701825286698078e+00
3.039341060219221902e+00
3.039002345728461396e+00
3.038687294032578645e+00
3.038393377550086427e+00
3.038114901541892898e+00
3.037844038634524235e+00
3.037571809251641941e+00
3.037289014569991785e+00
3.036987002575701755e+00
3.036658375670764354e+00
3.036297490719900516e+00
3.035900887170898788e+00
3.035467532761440435e+00
3.034998851660701824e+00
3.034498610053759649e+00
3.033972581790613354e+00
3.033428236428447278e+00
3.032873850398284166e+00
3.032317146371110272e+00
3.031764429034314645e+00
3.031219580459824314e+00
3.030683080250780481e+00
3.030151342975033746e+00
3.029616593751113474e+00
3.029063932892170019e+00
3.028475857878032418e+00
3.027831653109388732e+00
3.027108583588315138e+00
3.026283417441256951e+00
3.025334162022830231e+00
3.024242211213953091e+00
3.022993778008783217e+00
3.021581163285406824e+00
3.020003466738944820e+00
3.018266836288031385e+00
3.016384312537527812e+00
3.014375115567771157e+00
3.012263384309540548e+00
3.010076479866210963e+00
3.007843193470156162e+00
3.005592896615852272e+00
3.003354779695906807e+00
3.001156349467622331e+00
2.999021901923010436e+00
2.996971463649349410e+00
2.995020421595897986e+00
2.993179590810120416e+00
2.991455530085490810e+00
2.989850795216848933e+00
2.988364083214592348e+00
2.986990302515576179e+00
2.985720654324116818e+00
2.984542722745542775e+00
2.983440815329643225e+00
2.982396745594739329e+00
2.981391088422804980e+00
2.980404635502767796e+00
2.979419979849466937e+00
2.978423027843004167e+00
2.977404135506487748e+00
2.976358898236556971e+00
2.975288537080426732e+00
2.974199717941054644e+00
2.973103958067516039e+00
2.972016698566163129e+00
2.970956112487149081e+00
2.969941753598210443e+00
2.968993189147324241e+00
2.968128753463663561e+00
2.967364395459518800e+00
2.966713124451130223e+00
2.966184328826553251e+00
2.965783916451275815e+00
2.965514406117048640e+00
2.965376135463971607e+00
2.965369844252156550e+00
2.965493099061809801e+00
2.965742079997630842e+00
2.966113143554796938e+00
2.966604274951896159e+00
2.967216424934562280e+00
2.967955219256772637e+00
2.968830987436133828e+00
2.969857199619150290e+00
2.971051965511851911e+00
2.972437235588186066e+00
2.974037354783665599e+00
2.975871777083650915e+00
2.977971967154542376e+00
2.980364093303547790e+00
2.983073492798057114e+00
2.986124377865311708e+00
2.989541750637059625e+00
2.993347663213696830e+00
2.997560506120544144e+00
3.002193814222530843e+00
3.007252245928908163e+00
3.012725463927373504e+00
3.018580940117840949e+00
3.024757046993763687e+00
3.031159470990200333e+00
3.037665960728382686e+00
3.044143320998144997e+00
3.050466360818613332e+00
3.056530453087050514e+00
3.062252101847606323e+00
3.067566276585960594e+00
3.072424660283295417e+00
3.076790990801804515e+00
3.080638719330279329e+00
3.083942153362543515e+00
3.086696126878920587e+00
3.088903655365069056e+00
3.090577034727157280e+00
3.091740313081843716e+00
3.092426034482897990e+00
3.092673881685792825e+00
3.092529773367006740e+00
3.092044039418582635e+00
3.091269779862989786e+00
3.090261494509590534e+00
3.089073694691181426e+00
3.087759526273452515e+00
3.086369378759425963e+00
3.084949543527790272e+00
3.083541030675756911e+00
3.082178659285033984e+00
3.080890536026358539e+00
3.079697705935230179e+00
3.078614288826709178e+00
3.077647811076141604e+00
3.076800075837714310e+00
3.076068616546364431e+00
3.075449946792324862e+00
3.074935712146659839e+00
3.074515405505899412e+00
3.074178389682159285e+00
3.073922585765798132e+00
3.073741162760387002e+00
3.073627258790345707e+00
3.073579858708614054e+00
3.073600300388539708e+00
3.073696366509763411e+00
3.073883591774092761e+00
3.074175999200241538e+00
3.074579140584220660e+00
3.075086951727126205e+00
3.075691513428533419e+00
3.076380135588058007e+00
3.077135610371561025e+00
3.077936816943994902e+00
3.078759461120234686e+00
3.079576493847769658e+00
3.080359546596802112e+00
3.081080357855789487e+00
3.081708543550553348e+00
3.082217195018880584e+00
3.082588906495598469e+00
3.082807234912448457e+00
3.082863948333269821e+00
3.082755945096018024e+00
3.082485493353431139e+00
3.082060876425369855e+00
3.081496909895859559e+00
3.080815043331479153e+00
3.080042399064011782e+00
3.079209587760853406e+00
3.078349683981356666e+00
3.077496836521016910e+00
3.076683286270149864e+00
3.075937302212564006e+00
3.075280476028200205e+00
3.074728267320338659e+00
3.074289905816856905e+00
3.073969095913909655e+00
3.073765251881513283e+00
3.073675042619529396e+00
3.073693866483159010e+00
3.073817128460816228e+00
3.074041441245287665e+00
3.074365565669815670e+00
3.074791113080822313e+00
3.075323132214699218e+00
3.075970378441748032e+00
3.076745470936650406e+00
3.077664844224828666e+00
3.078748469310266245e+00
3.080019265924736960e+00
3.081502017058907583e+00
3.083221893054420626e+00
3.085202582729605680e+00
3.087464269339332823e+00
3.090021533445508339e+00
3.092881274157830873e+00
3.096040940629437355e+00
3.099487315222828610e+00
3.103195826542808788e+00
3.107130652342480648e+00
3.111245910441823082e+00
3.115487902864013225e+00
3.119798189310623915e+00
3.124116426817196590e+00
3.128382253170327143e+00
3.132536502837469872e+00
3.136521940451569179e+00
3.140284186743656392e+00
3.143772891014037008e+00
3.146943279883945621e+00
3.149757926913483885e+00
3.152188434252224614e+00
3.154216683622498962e+00
3.155835528389460798e+00
3.157048631634839619e+00
3.157869556486061047e+00
3.158320330581406932e+00
3.158429406481213508e+00
3.158229661617771189e+00
3.157756360675199936e+00
3.157045165830779432e+00
3.156130316000073766e+00
3.155043027172366621e+00
3.153810261006103843e+00
3.152453864837275965e+00
3.150990113468568499e+00
3.149429504601228835e+00
3.147777061193785197e+00
3.146033286701241494e+00
3.144195201705743514e+00
3.142257621928042699e+00
3.140214495821910479e+00
3.138060420863157951e+00
3.135792341857149168e+00
3.133410787434128597e+00
3.130920868699273552e+00
3.128332794818763141e+00
3.125662542181368408e+00
3.122931903567761402e+00
3.120168181209180602e+00
3.117403986108619129e+00
3.114676174060693636e+00
3.112025026025042607e+00
3.109492782721516413e+00
3.107122174426967920e+00
3.104954616378172716e+00
3.103028480239525599e+00
3.101377150066789934e+00
3.100027707872751837e+00
3.098999757526122778e+00
3.098304958170686074e+00
3.097947826022769746e+00
3.097922671696404784e+00
3.098213945301510286e+00
3.098796696678345786e+00
3.099636139375494537e+00
3.100687237851265987e+00
3.101899267499802715e+00
3.103222149260219442e+00
3.104606235391868641e+00
3.106006745316232998e+00
3.107371894522084066e+00
3.108667871120224913e+00
3.109858466145711375e+00
3.110914334107020451e+00
3.111807832565901322e+00
3.112515378759953322e+00
3.113017283876289731e+00
3.113297902473624479e+00
3.113345710149316492e+00
3.113153578437822144e+00
3.112719217182086329e+00
3.112045419203967711e+00
3.111140171706422208e+00
3.110016531507788340e+00
3.108691990839544950e+00
3.107186889888274628e+00
3.105521971980042650e+00
3.103716012224130516e+00
3.101784786974585817e+00
3.099740936421766069e+00
3.097594210968379169e+00
3.095352134782231701e+00
3.093020982749167036e+00
3.090606697686975934e+00
3.088115610269331235e+00
3.085554856623349274e+00
3.082932658829315997e+00
3.080259087037057864e+00
3.077546489674620300e+00
3.074808375738519839e+00
3.072060834141557173e+00
3.069321498432687090e+00
3.066611066969599175e+00
3.063950229140871340e+00
3.061358357551033471e+00
3.058854242622727870e+00
3.056455376045499772e+00
3.054176337337608960e+00
3.052028027973937352e+00
3.050016549236839403e+00
3.048142475908933058e+00
3.046401262321236203e+00
3.044783557475672975e+00
3.043275528077239667e+00
3.041859467501359049e+00
3.040514718258039650e+00
3.039219013067258057e+00
3.037950268993686365e+00
3.036687978578449076e+00
3.035414569707565402e+00
3.034117117498612792e+00
3.032786932454520468e+00
3.031420471800024607e+00
3.030019134753488164e+00
3.028590168937542515e+00
3.027145740128401652e+00
3.025702225907977994e+00
3.024279395176703300e+00
3.022898685743118374e+00
3.021582324281622434e+00
3.020351760353968018e+00
3.019226519599906400e+00
3.018222980037470471e+00
3.017353279763768104e+00
3.016624570231593250e+00
3.016038365991149384e+00
3.015590524552401064e+00
3.015271255475725276e+00
3.015065475522202387e+00
3.014953492619584452e+00
3.014911867105029675e+00
3.014914520238757056e+00
3.014934041232720574e+00
3.014943212204290734e+00
3.014916656177055287e+00
3.014832436153654704e+00
3.014673353574068848e+00
3.014427640608142500e+00
3.014088943299674028e+00
3.013657950740799674e+00
3.013143231783110387e+00
3.012559051650562036e+00
3.011924452936079799e+00
3.011262432313110970e+00
3.010598793674894580e+00
3.009960730030185605e+00
3.009375405388237557e+00
3.008868706150449768e+00
3.008463826058848323e+00
3.008180330284770498e+00
3.008033368390991225e+00
3.008033058125232362e+00
3.008184283664717462e+00
3.008486728778994035e+00
3.008935163658350564e+00
3.009520071419179654e+00
3.010228562878254355e+00
3.011045506818033957e+00
3.011954762182250445e+00
3.012940350910612075e+00
3.013987472604749307e+00
3.015083324909273443e+00
3.016217751320440676e+00
3.017383767520553928e+00
3.018577963050782298e+00
3.019800726432454674e+00
3.021056112487361833e+00
3.022351359994592812e+00
3.023696047149429411e+00
3.025100973219332801e+00
3.026576918073236033e+00
3.028133393851035304e+00
3.029777509529347768e+00
3.031513025840482545e+00
3.033339602906406807e+00
3.035252312377192840e+00
3.037241386279196931e+00
3.039292242649334952e+00
3.041385762507176072e+00
3.043498919382104706e+00
3.045605703075929593e+00
3.047678225064085922e+00
3.049687965611295404e+00
3.051607199898692890e+00
3.053410239556595851e+00
3.055074580575074972e+00
3.056581902902896886e+00
3.057918748384730545e+00
3.059076867391361976e+00
3.060053300512132868e+00
3.060850301299023357e+00
3.061474827049143421e+00
3.061937770157591832e+00
3.062252934483389755e+00
3.062436123558776924e+00
3.062504123086295049e+00
3.062473777646738338e+00
3.062361109511914314e+00
3.062180680908735741e+00
3.061945207093434540e+00
3.061665263083567456e+00
3.061348936244597141e+00
3.061001998757655329e+00
3.060628073720291109e+00
3.060228996232379206e+00
3.059805252257797203e+00
3.059356393385900486e+00
3.058881535292877984e+00
3.058379892580955772e+00
3.057851310442468495e+00
3.057296715246248908e+00
3.056718403141267082e+00
3.056120136962060307e+00
3.055507005657924768e+00
3.054885078994062919e+00
3.054260793134876639e+00
3.053640153681051128e+00
3.053027759333748925e+00
3.052425767500942744e+00
3.051832884461059603e+00
3.051243550090700474e+00
3.050647438232766628e+00
3.050029272920685042e+00
3.049368996923019992e+00
3.048642246356366936e+00
3.047821010903623673e+00
3.046874533004678476e+00
3.045770555320105544e+00
3.044476457812161474e+00
3.042960705353884521e+00
3.041194407168321234e+00
3.039152731392057660e+00
3.036816398874754963e+00
3.034172952918814392e+00
3.031217791355748759e+00
3.027954651928358665e+00
3.024395889776141821e+00
3.020562440496273204e+00
3.016483470070325801e+00
3.012195677461590115e+00
3.007742276748916144e+00
3.003171665564507986e+00
2.998535843887851993e+00
2.993888664219822804e+00
2.989284039851512365e+00
2.984774252132319727e+00
2.980408411808798785e+00
2.976231204871796709e+00
2.972281840142659615e+00
2.968593200100097640e+00
2.965191193692100491e+00
2.962094487475547933e+00
2.959314267409984822e+00
2.956854424834412409e+00
2.954712077944169568e+00
2.952878071544150274e+00
2.951337987712919109e+00
2.950073234114860110e+00
2.949062185947295855e+00
2.948281288160705227e+00
2.947705972970784405e+00
2.947311408414196698e+00
2.947073250756038210e+00
2.946968483646763559e+00
2.946976138331921291e+00
2.947078077164161591e+00
2.947259333015032734e+00
2.947508055801263183e+00
2.947815214067482259e+00
2.948174064161253494e+00
2.948579376061915003e+00
2.949026635256296824e+00
2.949511349277020411e+00
2.950028297499228902e+00
2.950570762478906595e+00
2.951130141357863224e+00
2.951695660920430786e+00
2.952254140838510121e+00
2.952790325966258234e+00
2.953287172773278346e+00
2.953726732481455119e+00
2.954091083864199163e+00
2.954363245644190616e+00
2.954528292389754451e+00
2.954574310396686165e+00
2.954493208248289537e+00
2.954281329551248003e+00
2.953939883065526573e+00
2.953475092984957584e+00
2.952898090555613031e+00
2.952224461008163825e+00
2.951473533382039882e+00
2.950667446665725002e+00
2.949830084719115675e+00
2.948985935467360431e+00
2.948159056956960899e+00
2.947372153747066292e+00
2.946645788486590423e+00
2.945997822474885730e+00
2.945443044277225919e+00
2.944992879387614337e+00
2.944655222509936721e+00
2.944434379554983217e+00
2.944331249599604128e+00
2.944343690312919648e+00
2.944466904177801325e+00
2.944694230054528017e+00
2.945017498818045532e+00
2.945427585379873925e+00
2.945914976616503367e+00
2.946470224848862340e+00
2.947083535810357979e+00
2.947745261911705938e+00
2.948445959321217114e+00
2.949176588682381084e+00
2.949928885407676837e+00
2.950695703851117013e+00
2.951471198217311631e+00
2.952250249989560871e+00
2.953027410882914428e+00
2.953795151922306239e+00
2.954542890211185213e+00
2.955256468315472507e+00
2.955917894639373600e+00
2.956505044827041129e+00
2.956991842374946611e+00
2.957348769062360994e+00
2.957543856405052907e+00
2.957543793076624628e+00
2.957315727302076258e+00
2.956829055127731198e+00
2.956057479590099124e+00
2.954980984798452948e+00
2.953587749042109412e+00
2.951874506141676235e+00
2.949843798887785695e+00
2.947509425609334155e+00
2.944890987465317078e+00
2.942012915313422461e+00
2.938903246828556526e+00
2.935592147169582500e+00
2.932110222631861163e+00
2.928487794673535483e+00
2.924753577576901797e+00
2.920934530266309892e+00
2.917054994074819163e+00
2.913137168978737090e+00
2.909202456243806356e+00
2.905272288815060389e+00
2.901369680917320615e+00
2.897520745707351075e+00
2.893755687715532599e+00
2.890107859469939644e+00
2.886611053650357750e+00
2.883294567191495350e+00
2.880177000069505056e+00
2.877263107760186678e+00
2.874546111696623552e+00
2.872012665747301519e+00
2.869647901641081855e+00
2.867440150040401203e+00
2.865382702313352237e+00
2.863475158211627569e+00
2.861724300220340744e+00
2.860143256254642274e+00
2.858748980097167713e+00
2.857563261955143652e+00
2.856606724692851262e+00
2.855900079569495542e+00
2.855461603692246442e+00
2.855305329788428992e+00
2.855439894345550123e+00
2.855867362075342086e+00
2.856582571907171797e+00
2.857572903986544954e+00
2.858818147474694982e+00
2.860290464855274273e+00
2.861954650682324797e+00
2.863769035703480625e+00
2.865686745263737567e+00
2.867657105438958354e+00
2.869627464792209537e+00
2.871545054571663869e+00
2.873358832405712437e+00
2.875021110522207657e+00
2.876488699628709345e+00
2.877725214896212691e+00
2.878699845826337533e+00
2.879387286925693346e+00
2.879769002915495424e+00
2.879833647797821250e+00
2.879576163593466021e+00
2.878997255115040677e+00
2.878104219574597611e+00
2.876910526060301176e+00
2.875434576815186993e+00
2.873698693261744985e+00
2.871727927861336571e+00
2.869548962839505890e+00
2.867188991609036730e+00
2.864674607403848938e+00
2.862030890348160828e+00
2.859280672739964224e+00
2.856444274142229123e+00
2.853539586291032215e+00
2.850582523797463796e+00
2.847587738580219074e+00
2.844569435834686022e+00
2.841542182279350293e+00
2.838521539892308265e+00
2.835524779038848031e+00
2.832570987667283102e+00
2.829681096264556217e+00
2.826877409923520545e+00
2.824183064949522759e+00
2.821620911270100507e+00
2.819212626000528576e+00
2.816977390398642811e+00
2.814929931301337618e+00
2.813079737193378005e+00
2.811430545210822807e+00
2.809979784417696802e+00
2.808718631894149720e+00
2.807632134214425257e+00
2.806699882428134618e+00
2.805896441463204383e+00
2.805191697519655136e+00
2.804552710437671070e+00
2.803943750094204823e+00
2.803328507189895458e+00
2.802671216879606408e+00
2.801938695060932627e+00
2.801101587196668241e+00
2.800136430821626110e+00
2.799028102100591830e+00
2.797766858964295889e+00
2.796350376991649345e+00
2.794783986148846822e+00
2.793080436169911973e+00
2.791258844774401560e+00
2.789343976881125897e+00
2.787364745196719173e+00
2.785352358322700006e+00
2.783338818479070387e+00
2.781355127218087198e+00
2.779429216068277420e+00
2.777584549253267365e+00
2.775838469418612675e+00
2.774202665322571981e+00
2.772684820471580824e+00
2.771279680181499838e+00
2.769973294661550511e+00
2.768745826824739353e+00
2.767575374233118168e+00
2.766439808431369496e+00
2.765317035936206036e+00
2.764185502735042377e+00
2.763024848552352974e+00
2.761816144388239636e+00
2.760542872701379657e+00
2.759191805404959119e+00
2.757753674927574394e+00
2.756224050835187178e+00
2.754604391403240093e+00
2.752903343071527509e+00
2.751138108254027159e+00
2.749335678594382770e+00
2.747533262346036675e+00
2.745775765780541278e+00
2.744108849399511829e+00
2.742571217154974317e+00
2.741190567824013602e+00
2.739982323836509526e+00
2.738949349868063265e+00
2.738083425242624713e+00
2.737366691931149010e+00
2.736774050256192137e+00
2.736275568679923609e+00
2.735838918698339839e+00
2.735431539181061300e+00
2.735022960811699821e+00
2.734586863948720303e+00
2.734102638685445896e+00
2.733556044645542027e+00
2.732938669407998233e+00
2.732247465401329123e+00
2.731485109859063343e+00
2.730660709130381836e+00
2.729790196362052779e+00
2.728896516842265196e+00
2.728009352898272510e+00
2.727164121339493263e+00
2.726400307111589427e+00
2.725759284598083365e+00
2.725281929487419319e+00
2.725006297585293336e+00
2.724965632272623228e+00
2.725186333105434677e+00
2.725685884501472867e+00
2.726470511355592485e+00
2.727532400694177017e+00
2.728848187966222749e+00
2.730382281993636084e+00
2.732091902257487437e+00
2.733930612326397114e+00
2.735850647192482388e+00
2.737804980923341791e+00
2.739749271833318289e+00
2.741643420806544551e+00
2.743452873587498786e+00
2.745150560164709042e+00
2.746718197027994801e+00
2.748146808690289156e+00
2.749430046012140139e+00
2.750579584995936688e+00
2.751612132222304385e+00
2.752552589896269275e+00
2.753430480303452388e+00
2.754278296034116114e+00
2.755129661758155102e+00
2.756017791723630150e+00
2.756974026309068293e+00
2.758026776504860056e+00
2.759200755577415176e+00
2.760516536129674847e+00
2.761990380716311755e+00
2.763634270398668491e+00
2.765456128050393758e+00
2.767460064288388200e+00
2.769646644394862633e+00
2.772013175856435030e+00
2.774554005290172931e+00
2.777260901529484016e+00
2.780123391688240186e+00
2.783129145185433195e+00
2.786264503954243299e+00
2.789515223006264755e+00
2.792867434800551329e+00
2.796308699733912384e+00
2.799828989682676017e+00
2.803421416127473087e+00
2.807082518111529534e+00
2.810812100801809432e+00
2.814612730224945292e+00
2.818489262243547788e+00
2.822446732282844373e+00
2.826489385557867440e+00
2.830619541346977019e+00
2.834836351958020639e+00
2.839134717236988070e+00
2.843504513670444211e+00
2.847930088480322475e+00
2.852390064614263920e+00
2.856857495717951778e+00
2.861300354501139953e+00
2.865682473421292897e+00
2.869964789649037673e+00
2.874107000246825638e+00
2.878069389573089332e+00
2.881815138534506548e+00
2.885311900485187930e+00
2.888533858488586681e+00
2.891463314253958750e+00
2.894091365066265631e+00
2.896418347415911310e+00
2.898453380892127118e+00
2.900213461196904152e+00
2.901721919080713974e+00
2.903006493554974199e+00
2.904097194108087532e+00
2.905024039503369515e+00
2.905814866748097192e+00
2.906493573748637704e+00
2.907078708560304925e+00
2.907582665613897888e+00
2.908011325529422209e+00
2.908364107905964779e+00
2.908634494892328171e+00
2.908810938975509686e+00
2.908877888503851317e+00
2.908817197144375921e+00
2.908609620825845177e+00
2.908236342796985063e+00
2.907680448412935270e+00
2.906928380561308423e+00
2.905971259730578904e+00
2.904806030416241747e+00
2.903436216910363576e+00
2.901872483553300519e+00
2.900132801724920828e+00
2.898242221439411903e+00
2.896232212698750530e+00
2.894139628782989249e+00
2.892005351761086196e+00
2.889872615429052605e+00
2.887785127128056128e+00
2.885785114177513044e+00
2.883911281499130563e+00
2.882196985562021307e+00
2.880668434934152256e+00
2.879343344205083088e+00
2.878229924825904895e+00
2.877325988135250423e+00
2.876619297203180547e+00
2.876087957880982593e+00
2.875703278175440580e+00
2.875425675768258582e+00
2.875210492248523764e+00
2.875009224157540455e+00
2.874771311070108748e+00
2.874446376257630220e+00
2.873986441681523729e+00
2.873348264300259913e+00
2.872495211752396305e+00
2.871398657052323333e+00
2.870039085155410064e+00
2.868406869211804988e+00
2.866502719402785448e+00
2.864337980736810341e+00
2.861934679891189770e+00
2.859325256455504505e+00
2.856551720133309047e+00
2.853664146663117851e+00
2.850718812158976156e+00
2.847775633334139300e+00
2.844894807091724598e+00
2.842133255996695418e+00
2.839541683268779426e+00
2.837162740814612949e+00
2.835030093153039221e+00
2.833168111589962734e+00
2.831592103668867821e+00
2.830308956936894660e+00
2.829318101912464467e+00
2.828612736830441232e+00
2.828181167105247251e+00
2.828008337544970718e+00
2.828077100478957107e+00
2.828369447212628174e+00
2.828867549529220593e+00
2.829554575654745552e+00
2.830415881848965753e+00
2.831439237931205888e+00
2.832615170099022972e+00
2.833937243454989652e+00
2.835402024391721287e+00
2.837006663141556029e+00
2.838748920684959209e+00
2.840626078790113862e+00
2.842632098076002922e+00
2.844756496582539818e+00
2.846982694138723069e+00
2.849286966498605800e+00
2.851638251384639222e+00
2.854000033555699201e+00
2.856333986791799617e+00
2.858604404365582496e+00
2.860780794828323259e+00
2.862837997447496008e+00
2.864755091372525264e+00
2.866514225213033562e+00
2.868100195962982824e+00
2.869500238388729141e+00
2.870704388480190161e+00
2.871706205472863260e+00
2.872503069764127837e+00
2.873096715199371598e+00
2.873493553661253586e+00
2.873704973309805233e+00
2.873747321018202516e+00
2.873641656678180833e+00
2.873413264068072959e+00
2.873090937842097237e+00
2.872706082831630425e+00
2.872291688331110926e+00
2.871881164435470701e+00
2.871507159184842006e+00
2.871200473600973524e+00
2.870989021125921248e+00
2.870896917769781176e+00
2.870943681816368720e+00
2.871143871278594162e+00
2.871507400063315618e+00
2.872039693709869557e+00
2.872742192227594860e+00
2.873612392366097890e+00
2.874645578893487929e+00
2.875834249459825021e+00
2.877166141744349481e+00
2.878635801152004792e+00
2.880239976081650166e+00
2.881976999405257089e+00
2.883845283398382087e+00
2.885845587008509572e+00
2.887980931972007337e+00
2.890254453417905101e+00
2.892668547386545885e+00
2.895223780532864666e+00
2.897917802401212661e+00
2.900743972603136989e+00
2.903690054354531203e+00
2.906737410977119573e+00
2.909860368625299287e+00
2.913026040293626551e+00
2.916194861996730836e+00
2.919321783040908613e+00
2.922358321795930802e+00
2.925254962420585247e+00
2.927964103076236668e+00
2.930443030824700035e+00
2.932657291202947825e+00
2.934582573297265906e+00
2.936206092027654257e+00
2.937528538105325548e+00
2.938563895144083560e+00
2.939336727140432259e+00
2.939875220719487370e+00
2.940204184960529155e+00
2.940353377499517418e+00
2.940357592328000980e+00
2.940249319014560214e+00
2.940062409797655985e+00
2.939839518680962716e+00
2.939615883283965392e+00
2.939423717295217564e+00
2.939291253063789355e+00
2.939240916746792998e+00
2.939287577509638094e+00
2.939437606317147456e+00
2.939687963756710154e+00
2.940025747321670213e+00
2.940428680768871317e+00
2.940866290229068980e+00
2.941301628179598726e+00
2.941693346114766960e+00
2.941997879913781588e+00
2.942171603867809182e+00
2.942172814926423463e+00
2.941963490688146887e+00
2.941510916344932003e+00
2.940789061632707035e+00
2.939779941313347411e+00
2.938474946377600094e+00
2.936875092059282544e+00
2.934991765283736065e+00
2.932846785186387972e+00
2.930471488746349884e+00
2.927905625607722939e+00
2.925195231903777060e+00
2.922390366445889676e+00
2.919542428630941711e+00
2.916701469245393863e+00
2.913913976647461990e+00
2.911220917273437347e+00
2.908656370321913709e+00
2.906246671902653844e+00
2.904009992380221394e+00
2.901956209205817760e+00
2.900087225504879296e+00
2.898396942279679145e+00
2.896871359568512272e+00
2.895489087569297570e+00
2.894226741861835706e+00
2.893050634274136890e+00
2.891921864682504673e+00
2.890800317913119422e+00
2.889649569493188075e+00
2.888439317040250920e+00
2.887146304825205956e+00
2.885754929993646467e+00
2.884257514917239806e+00
2.882653852079025025e+00
2.880949713283178948e+00
2.879155211933610570e+00
2.877282957715026068e+00
2.875344968079766694e+00
2.873350856891526472e+00
2.871307759616732458e+00
2.869215238260910183e+00
2.867067927266328198e+00
2.864855066422494101e+00
2.862561469608494225e+00
2.860168193590354235e+00
2.857654196303566430e+00
2.854997937696042154e+00
2.852178962413520757e+00
2.849179796107152995e+00
2.845988337912886745e+00
2.842600839550766700e+00
2.839024761819832321e+00
2.835280902207604203e+00
2.831404627233061966e+00
2.827444805898833291e+00
2.823457865582971849e+00
2.819499194230475680e+00
2.815618263054000092e+00
2.811857411575025445e+00
2.808252192282086668e+00
2.804832294370342538e+00
2.801622439756260352e+00
2.798642722505302771e+00
2.795908513905912773e+00
2.793430772443912247e+00
2.791217308753429549e+00
2.789272818955101929e+00
2.787598336240482144e+00
2.786190359235367620e+00
2.785039785432281256e+00
2.784134318784513340e+00
2.783461188467394543e+00
2.783005689203814192e+00
2.782747784338043484e+00
2.782664783095172290e+00
2.782733248806549042e+00
2.782929975837357794e+00
2.783233646381692683e+00
2.783625872435990800e+00
2.784092846758881912e+00
2.784625065689850576e+00
2.785215300569616748e+00
2.785871120619215713e+00
2.786604936641649655e+00
2.787434263737688322e+00
2.788380363619496372e+00
2.789467529389167755e+00
2.790721530870865941e+00
2.792167084883571349e+00
2.793825707507207934e+00
2.795713468036865379e+00
2.797838687839119931e+00
2.800200302816012066e+00
2.802786748709329867e+00
2.805575160666352819e+00
2.808530979121354854e+00
2.811608142423860812e+00
2.814749860536651216e+00
2.817890407034567168e+00
2.820957892211215956e+00
2.823878202196284715e+00
2.826580264602163162e+00
2.829001589665371519e+00
2.831092014807896184e+00
2.832816926348803221e+00
2.834159847593938686e+00
2.835115357418773296e+00
2.835693415709698684e+00
2.835917861857458533e+00
2.835825002951574803e+00
2.835461948490231698e+00
2.834884545365135455e+00
2.834154766716508789e+00
2.833337755423747772e+00
2.832498649802660751e+00
2.831699461809774387e+00
2.830996243847425209e+00
2.830436691275767025e+00
2.830058278913018199e+00
2.829887057128328998e+00
2.829937014941857232e+00
2.830210290713511156e+00
2.830701054888320467e+00
2.831391194164347258e+00
2.832268063570538175e+00
2.833305942024465285e+00
2.834476561087863722e+00
2.835749892308339515e+00
2.837095703152344051e+00
2.838484730409656098e+00
2.839891068078165492e+00
2.841288840190248965e+00
2.842655977064152406e+00
2.843975056618329056e+00
2.845233497368369058e+00
2.846423692211189849e+00
2.847542611402559487e+00
2.848591129883773831e+00
2.849573090738561465e+00
2.850494291740001351e+00
2.851361866338469664e+00
2.852183332543183347e+00
2.852965003622649487e+00
2.853711774294129810e+00
2.854422196888712460e+00
2.855088519362099841e+00
2.855699706901650980e+00
2.856240958348899461e+00
2.856691318945440816e+00
2.857026885914510483e+00
2.857223730112369520e+00
2.857259989816281820e+00
2.857117540476854956e+00
2.856781300397111423e+00
2.856239037199317821e+00
2.855480580280516989e+00
2.854496004260775877e+00
2.853274563005743225e+00
2.851806537654392848e+00
2.850085063161044374e+00
2.848111927598434789e+00
2.845903853674398576e+00
2.843496203340142969e+00
2.840938137098441452e+00
2.838282527533277921e+00
2.835578706348590217e+00
2.832869117317037500e+00
2.830188768883332262e+00
2.827564824242767560e+00
2.825019271509948027e+00
2.822568702752752845e+00
2.820225088284010972e+00
2.817997632627258220e+00
2.815892308833460866e+00
2.813912096292393361e+00
2.812057538518685007e+00
2.810327969476453802e+00
2.808722436955862545e+00
2.807240756072063803e+00
2.805884582069341437e+00
2.804658197659951835e+00
2.803568869563486832e+00
2.802626698143651840e+00
2.801843918747181306e+00
2.801233545233752231e+00
2.800807758455559959e+00
2.800574176683684691e+00
2.800536481188967031e+00
2.800691401167871408e+00
2.801027919234571062e+00
2.801527889133222260e+00
2.802167840205947336e+00
2.802921957173698964e+00
2.803764557456675188e+00
2.804670685413909847e+00
2.805616539238832363e+00
2.806579823488796421e+00
2.807540211049810885e+00
2.808479077242107103e+00
2.809378598615744238e+00
2.810222777355839252e+00
2.811000164934326140e+00
2.811706071672506191e+00
2.812340570895063063e+00
2.812908666412400116e+00
2.813421827265802921e+00
2.813898521771397210e+00
2.814362875669507158e+00
2.814843748014834723e+00
2.815374047368127908e+00
2.815989712771350462e+00
2.816728472407377559e+00
2.817627571829966371e+00
2.818721723108405630e+00
2.820041661841834912e+00
2.821612195821307179e+00
2.823449234223772475e+00
2.825560634293297735e+00
2.827946535990816912e+00
2.830596819078692317e+00
2.833492073435071923e+00
2.836604376025672725e+00
2.839895560278371978e+00
2.843334606990738589e+00
2.846889369210874765e+00
2.850528803979407666e+00
2.854225166567516236e+00
2.857956103800474601e+00
2.861704735715171921e+00
2.865457428378700655e+00
2.869202023441607796e+00
2.872927329803235175e+00
2.876623403645897969e+00
2.880282462079097439e+00
2.883900427675529343e+00
2.887478749998393823e+00
2.891025635908688329e+00
2.894556185450951169e+00
2.898091011353320035e+00
2.901654066128143583e+00
2.905270036370453557e+00
2.908961995481159413e+00
2.912748714442877862e+00
2.916641855246725701e+00
2.920644188669561547e+00
2.924749502937558088e+00
2.928944752596014833e+00
2.933212023477807850e+00
2.937531033200990738e+00
2.941881720372134357e+00
2.946245515952206517e+00
2.950621425605640891e+00
2.955014351041683529e+00
2.959431501056335456e+00
2.963882233752815232e+00
2.968382583338436742e+00
2.972949962022211512e+00
2.977602193612240100e+00
2.982353168411337130e+00
2.987209350141311059e+00
2.992169351937433053e+00
2.997224489272536374e+00
3.002362005805284006e+00
3.007568169232839761e+00
3.012830384107187953e+00
3.018136752677439638e+00
3.023474109407039645e+00
3.028825870854864100e+00
3.034170634593607918e+00
3.039482458112126029e+00
3.044731095737645443e+00
3.049888765652170708e+00
3.054935426241057073e+00
3.059864285623439262e+00
3.064687216141070980e+00
3.069433296137681122e+00
3.074128777882710661e+00
3.078797431881064028e+00
3.083465216119909424e+00
3.088157408262150128e+00
3.092897015274099548e+00
3.097702086132487764e+00
3.102583481716756797e+00
3.107543670147267179e+00
3.112575877927002743e+00
3.117664718157100889e+00
3.122787333117684305e+00
3.127915347773894794e+00
3.133017436020115731e+00
3.138061840179043216e+00
3.143017629231241283e+00
3.147855362328092710e+00
3.152547375244953987e+00
3.157067422974096260e+00
3.161390522029715822e+00
3.165492821365616827e+00
3.169351703265315123e+00
3.172946119509425067e+00
3.176257221515502938e+00
3.179269236386966124e+00
3.181970163473727187e+00
3.184352484663635519e+00
3.186413977044127321e+00
3.188158113693297491e+00
3.189594412867474027e+00
3.190738615945392542e+00
3.191612177955505558e+00
3.192241175003637466e+00
3.192655551582181506e+00
3.192888302655431776e+00
3.192972672068668860e+00
3.192940116919278815e+00
3.192813624731815292e+00
3.192620825873105250e+00
3.192382505605479537e+00
3.192109110357092661e+00
3.191805346309767533e+00
3.191466058914923298e+00
3.191075858653783737e+00
3.190609343365630401e+00
3.190031657033041590e+00
3.189300198707921918e+00
3.188366657779035940e+00
3.187181747650571495e+00
3.185697858230130297e+00
3.183871834517144173e+00
3.181669562501885373e+00
3.179069066980352076e+00
3.176061428040967805e+00
3.172651321035754979e+00
3.168855832953379359e+00
3.164702122052081457e+00
3.160224523438568855e+00
3.155461891617849624e+00
3.150455474458299765e+00
3.145247342321576767e+00
3.139879408497125546e+00
3.134393148782720129e+00
3.128828626947108393e+00
3.123224341789556657e+00
3.117615500665384953e+00
3.112029591392495576e+00
3.106481400092921508e+00
3.100965234399863046e+00
3.095475128746419280e+00
3.090000354315392883e+00
3.084527065279169644e+00
3.079038104404222764e+00
3.073520313117904301e+00
3.067971336815904504e+00
3.062406098568267065e+00
3.056859849186637224e+00
3.051386041301273888e+00
3.046046170499693506e+00
3.040894371906431637e+00
3.035968332787025492e+00
3.031288218377179877e+00
3.026858687317023122e+00
3.022671473669306774e+00
3.018707809213661442e+00
3.014940557930077425e+00
3.011336933161560481e+00
3.007861232237698079e+00
3.004476056572821907e+00
3.001147350690417603e+00
2.997839025771580790e+00
2.994510246663105058e+00
2.991121425356566554e+00
2.987647722695548236e+00
2.984076183221149758e+00
2.980400701831306343e+00
2.976617191254551376e+00
2.972722554795331540e+00
2.968713292138542847e+00
2.964584068512002624e+00
2.960330259089783755e+00
2.955949079706132743e+00
2.951440989953133531e+00
2.946811180936379060e+00
2.942071412019788390e+00
2.937241408952194544e+00
2.932349508318221165e+00
2.927432334048364559e+00
2.922533418897979907e+00
2.917700890816055548e+00
2.912984491326592984e+00
2.908432688058898652e+00
2.904090110859587792e+00
2.899995771127619193e+00
2.896182251309802336e+00
2.892675589932361291e+00
2.889495772030636012e+00
2.886657401347573426e+00
2.884170427188811558e+00
2.882040669795003396e+00
2.880270354230455521e+00
2.878858662298977578e+00
2.877802074275805921e+00
2.877094781284871505e+00
2.876729185180025183e+00
2.876696354368887043e+00
2.876987009262907069e+00
2.877592448468869524e+00
2.878505213318761857e+00
2.879718977964381921e+00
2.881228801232150971e+00
2.883031405102684186e+00
2.885124393643359042e+00
2.887505071929347356e+00
2.890168842193411525e+00
2.893107428797118352e+00
2.896306401499166849e+00
2.899742601799273345e+00
2.903381760067432094e+00
2.907176871314920863e+00
2.911067885225084861e+00
2.914983320821009638e+00
2.918843821408320327e+00
2.922567466909792522e+00
2.926075394516312489e+00
2.929295642054619897e+00
2.932165029574596016e+00
2.934629348796794712e+00
2.936643031166808804e+00
2.938168863636684058e+00
2.939178197354153976e+00
2.939651564242092618e+00
2.939579415987306543e+00
2.938963189656275343e+00
2.937816040240146975e+00
2.936163713540834941e+00
2.934045026797462707e+00
2.931511921393511688e+00
2.928628810160611717e+00
2.925471102794654943e+00
2.922122659277299750e+00
2.918672394056316399e+00
2.915210539920664701e+00
2.911824593520773607e+00
2.908595548929783003e+00
2.905595049611962466e+00
2.902883222130041130e+00
2.900507630808586867e+00
2.898502925580380474e+00
2.896891023060153447e+00
2.895680957046685045e+00
2.894869783900492877e+00
2.894444889312059566e+00
2.894384984738394451e+00
2.894661735816579817e+00
2.895241423065457731e+00
2.896086744796534607e+00
2.897158502923076639e+00
2.898417059241225946e+00
2.899823871458221181e+00
2.901342765772385590e+00
2.902940761593929331e+00
2.904589141696438226e+00
2.906264268197996437e+00
2.907948228468739238e+00
2.909629317163813234e+00
2.911301704623858289e+00
2.912964258767085646e+00
2.914619551465854386e+00
2.916272995701197690e+00
2.917932377515853659e+00
2.919606982637041437e+00
2.921306389152690475e+00
2.923038384758800845e+00
2.924808195167039049e+00
2.926617573498063507e+00
2.928462417327029499e+00
2.930336157112239714e+00
2.932228492786912000e+00
2.934126436613826883e+00
2.936014968175053141e+00
2.937880369284046722e+00
2.939713085882449395e+00
2.941511785366117682e+00
2.943294127179062247e+00
2.945105025865034420e+00
2.946990475431841450e+00
2.948992368905606565e+00
2.951160157856026700e+00
2.953549443287061482e+00
2.956216397770603077e+00
2.959213664568570490e+00
2.962585061949260634e+00
2.966361471456624876e+00
2.970558646806117586e+00
2.975176401948033789e+00
2.980199206798674894e+00
2.985597992261460831e+00
2.991332474384358342e+00
2.997353559845754134e+00
3.003605704894878770e+00
3.010029589891642932e+00
3.016565072105320322e+00
3.023154251733075171e+00
3.029744104649498837e+00
3.036289445076812310e+00
3.042753642639811851e+00
3.049109389756679889e+00
3.055341428101356449e+00
3.061456743510560408e+00
3.067461350262038255e+00
3.073338147640231721e+00
3.079060298777064109e+00
3.084599745281666472e+00
3.089928667007233454e+00
3.095018876138744268e+00
3.099844813825407552e+00
3.104384917977106806e+00
3.108621778709568684e+00
3.112533690091379146e+00
3.116114227766055400e+00
3.119359109622324766e+00
3.122266549388527324e+00
3.124835954425250861e+00
3.127067286886976660e+00
3.128960795732365519e+00
3.130516825223884414e+00
3.131734830249729651e+00
3.132613488803413837e+00
3.133152116524089870e+00
3.133359329215199551e+00
3.133243231307088816e+00
3.132814441997180399e+00
3.132089770538238671e+00
3.131089545557773857e+00
3.129843006584950960e+00
3.128386469065978837e+00
3.126760931119877185e+00
3.125013122503378149e+00
3.123195072964350061e+00
3.121361606995181504e+00
3.119567521235155461e+00
3.117864721593909927e+00
3.116299434952631842e+00
3.114909666342558836e+00
3.113723603416021835e+00
3.112758237062238198e+00
3.112018776103103956e+00
3.111498814192729778e+00
3.111180394896400081e+00
3.111035611257722433e+00
3.111027830336917877e+00
3.111113808030175676e+00
3.111245761013770039e+00
3.111373760451648707e+00
3.111448118066098445e+00
3.111421755340995965e+00
3.111252255698309988e+00
3.110903419536586778e+00
3.110346341976296003e+00
3.109560322102871144e+00
3.108533754939079241e+00
3.107264334495812630e+00
3.105757967615249804e+00
3.104027925846536640e+00
3.102094197151209709e+00
3.099982274395909787e+00
3.097721306877957659e+00
3.095342790211784489e+00
3.092879327423993630e+00
3.090363061325151595e+00
3.087824424844280102e+00
3.085291589105408683e+00
3.082789231116315420e+00
3.080338537872963744e+00
3.077956449633889147e+00
3.075655723644601380e+00
3.073444588193221527e+00
3.071327595413295253e+00
3.069306145357122872e+00
3.067379417961920041e+00
3.065545165814894002e+00
3.063800774988371334e+00
3.062144425070576936e+00
3.060576081733069831e+00
3.059098173588535197e+00
3.057715998024619797e+00
3.056437797682377777e+00
3.055274543633785811e+00
3.054239368329106696e+00
3.053346656818403115e+00
3.052610768658378770e+00
3.052044579209061137e+00
3.051657680722216437e+00
3.051454458948576587e+00
3.051432242728298494e+00
3.051579841722398712e+00
3.051876734314689976e+00
3.052293043191252497e+00
3.052790580046130131e+00
3.053324689717751728e+00
3.053846902370464633e+00
3.054307748367374842e+00
3.054659284690043108e+00
3.054857107056344834e+00
3.054861726158426549e+00
3.054639484422239981e+00
3.054163236734897424e+00
3.053412783236344019e+00
3.052375264606805416e+00
3.051045517313019761e+00
3.049426424605271801e+00
3.047529259397280921e+00
3.045373824692147569e+00
3.042988466005874137e+00
3.040409711474093779e+00
3.037681386715007648e+00
3.034853088071793437e+00
3.031977866304734537e+00
3.029109335557259808e+00
3.026298451270420298e+00
3.023590469846741069e+00
3.021022509659413657e+00
3.018622091513810446e+00
3.016406765967088344e+00
3.014384592842292765e+00
3.012555208605803614e+00
3.010911179807219007e+00
3.009439550512154504e+00
3.008123296168981220e+00
3.006942818442487564e+00
3.005877064535214860e+00
3.004904515454201785e+00
3.004006461163030384e+00
3.003164645137670785e+00
3.002361780665679269e+00
3.001582657293962786e+00
3.000819259988463994e+00
3.000065566456037836e+00
2.999314915528467740e+00
2.998561594934623376e+00
2.997801124109542581e+00
2.997030080035570254e+00
2.996246373455767831e+00
2.995448910455734026e+00
2.994636239760197771e+00
2.993806339427411700e+00
2.992956398666260842e+00
2.992082177020963574e+00
2.991177692735121685e+00
2.990235313508472270e+00
2.989246130567323689e+00
2.988199447247195106e+00
2.987083832281350215e+00
2.985888020036632895e+00
2.984601950479204735e+00
2.983217542619310159e+00
2.981730280202692818e+00
2.980140065393199311e+00
2.978451979931102223e+00
2.976678253882085290e+00
2.974838164880642566e+00
2.972958445852458720e+00
2.971073274191031732e+00
2.969223909931675731e+00
2.967457233361585622e+00
2.965824225649504875e+00
2.964377890584664499e+00
2.963170629654864996e+00
2.962251305182716177e+00
2.961662555302772226e+00
2.961438372463171209e+00
2.961602267942461175e+00
2.962165862799280625e+00
2.963128445969513969e+00
2.964476924496287857e+00
2.966186290248147728e+00
2.968220515428701578e+00
2.970533505756261405e+00
2.973070741085305002e+00
2.975770714937463257e+00
2.978566995428340025e+00
2.981390566846577439e+00
2.984172420179976193e+00
2.986846625131890143e+00
2.989353377920468180e+00
2.991641519584129494e+00
2.993670755063463584e+00
2.995412932536089201e+00
2.996852845177726543e+00
2.997989297253506269e+00
2.998832925405289451e+00
2.999405889175980722e+00
2.999735080330768966e+00
2.999857737920228917e+00
2.999817166102083821e+00
2.999660558842736968e+00
2.999435906808032293e+00
2.999189969031983427e+00
2.998966461579242182e+00
2.998804363197490996e+00
2.998736565784963393e+00
2.998788720247706596e+00
2.998978805840935902e+00
2.999316869997091572e+00
2.999804871997842959e+00
3.000437046780870531e+00
3.001201002519529037e+00
3.002078892704680424e+00
3.003048767530592578e+00
3.004086084360201081e+00
3.005165411471230286e+00
3.006261804199228838e+00
3.007352021505194983e+00
3.008415129793527765e+00
3.009433104081072674e+00
3.010390205407302400e+00
3.011276161868722046e+00
3.012079577864132496e+00
3.012799470522020684e+00
3.013429930280989488e+00
3.013964855002848608e+00
3.014398698895945028e+00
3.014727502615649701e+00
3.014949741900958102e+00
3.015067191231304733e+00
3.015086258281918674e+00
3.015018345735086758e+00
3.014878781250105888e+00
3.014684654199854652e+00
3.014451922021689434e+00
3.014192701398620056e+00
3.013913440877206806e+00
3.013614173223559956e+00
3.013288835532289323e+00
3.012926405370999206e+00
3.012512553535720894e+00
3.012031417752594642e+00
3.011467160910762164e+00
3.010805470452051047e+00
3.010034839186280120e+00
3.009147822082095747e+00
3.008141973215905374e+00
3.007020027861568412e+00
3.005789548660734223e+00
3.004462697980648578e+00
3.003055963348993718e+00
3.001589273882067310e+00
3.000084752769719199e+00
2.998565813115404488e+00
2.997055904277765581e+00
2.995577868076357841e+00
2.994153921378317484e+00
2.992804102525421062e+00
2.991546521467357778e+00
2.990396919402376508e+00
2.989368629067568506e+00
2.988472487534924671e+00
2.987716676315343545e+00
2.987106968266012075e+00
2.986647114066504738e+00
2.986339292850186400e+00
2.986184562450876712e+00
2.986183234619594895e+00
2.986335013311896880e+00
2.986638844767371737e+00
2.987092424413409386e+00
2.987691366464622078e+00
2.988428004108951708e+00
2.989289943916609626e+00
2.990258656763554068e+00
2.991309924756715866e+00
2.992416353393263062e+00
2.993550592997816562e+00
2.994687475399977483e+00
2.995804900396012105e+00
2.996883644973866279e+00
2.997906088450147166e+00
2.998854891536597567e+00
2.999711729558899975e+00
3.000457030962789151e+00
3.001070056324019131e+00
3.001528505839889505e+00
3.001812187470490390e+00
3.001903631052845522e+00
3.001788949993099642e+00
3.001460862064600388e+00
3.000918970416587950e+00
3.000169600580826490e+00
2.999225908602733970e+00
2.998107368314666843e+00
2.996839196228887836e+00
2.995451890429132291e+00
2.993980486801784746e+00
2.992463468304748631e+00
2.990940907820411887e+00
2.989452747271668542e+00
2.988039863731538404e+00
2.986735092731609864e+00
2.985575507227409719e+00
2.984585727449756032e+00
2.983782101595426450e+00
2.983173863739406961e+00
2.982763528338813419e+00
2.982547829247858662e+00
2.982519246925530609e+00
2.982667196505181639e+00
2.982978806315359943e+00
2.983439712384157616e+00
2.984034880381289945e+00
2.984749485744698561e+00
2.985569768917933686e+00
2.986483855089555384e+00
2.987482492358796815e+00
2.988559620589733790e+00
2.989712660731121296e+00
2.990942582038291331e+00
2.992253742800329075e+00
2.993653503993087384e+00
2.995151672009942256e+00
2.996759749923782579e+00
2.998490018119762013e+00
3.000354571925599956e+00
3.002364750260867243e+00
3.004530438569380735e+00
3.006859263162611207e+00
3.009354155445034706e+00
3.012013673597009333e+00
3.014825870867913427e+00
3.017773214269739768e+00
3.020834046400526329e+00
3.023976808643249026e+00
3.027161795039909453e+00
3.030343635318558881e+00
3.033471000833397824e+00
3.036488048925863215e+00
3.039337656134051713e+00
3.041964432302902921e+00
3.044317467311990377e+00
3.046352665575861707e+00
3.048035047769632300e+00
3.049340335307651362e+00
3.050256256234872065e+00
3.050782969170643177e+00
3.050932744466303248e+00
3.050729319234361636e+00
3.050206547304562310e+00
3.049406491454444090e+00
3.048377078322470179e+00
3.047169680754850951e+00
3.045836704677260087e+00
3.044429000864798063e+00
3.042994242958892759e+00
3.041577754451724847e+00
3.040220084120340172e+00
3.038959011933464183e+00
3.037820966774730458e+00
3.036825955602814986e+00
3.035987678510854604e+00
3.035313878945920418e+00
3.034807494298441100e+00
3.034466833033474309e+00
3.034286238006475234e+00
3.034256929153424931e+00
3.034367682936955024e+00
3.034605310766514297e+00
3.034954948627306859e+00
3.035400157141479482e+00
3.035922865964962192e+00
3.036503227167048902e+00
3.037119390503299154e+00
3.037747359559286764e+00
3.038361309125695797e+00
3.038934485539372954e+00
3.039440623722335477e+00
3.039855995709612735e+00
3.040161741757438030e+00
3.040345760378954321e+00
3.040403191267563088e+00
3.040335195244702415e+00
3.040148159351600210e+00
3.039852062918832143e+00
3.039453512932381862e+00
3.038958142609227142e+00
3.038366266004316252e+00
3.037669170669228702e+00
3.036864126084371840e+00
3.035946058054203700e+00
3.034908627438543949e+00
3.033746059270384876e+00
3.032456179688712616e+00
3.031040565192841818e+00
3.029505135960770090e+00
3.027860452197288943e+00
3.026121515258939798e+00
3.024307207152837851e+00
3.022441907741544309e+00
3.020543199922979039e+00
3.018625715179416247e+00
3.016703112183089175e+00
3.014792975622092364e+00
3.012914748405818521e+00
3.011092465163252019e+00
3.009347003580030488e+00
3.007691347488945066e+00
3.006133010689227447e+00
3.004674504641783095e+00
3.003313963279354404e+00
3.002045402419364351e+00
3.000860098508750795e+00
2.999747607908546332e+00
2.998696925657457157e+00
2.997697511583221619e+00
2.996740325346436862e+00
2.995818700581588168e+00
2.994929192118055639e+00
2.994072283085804198e+00
2.993252860708734087e+00
2.992480430660326540e+00
2.991769095808529677e+00
2.991137266782696535e+00
2.990607015844005900e+00
2.990203040535661216e+00
2.989951526329412967e+00
2.989878790831113964e+00
2.990009819265537327e+00
2.990366748395445917e+00
2.990968715569039649e+00
2.991829335872900675e+00
2.992954864145980221e+00
2.994344648104047213e+00
2.995986146861882915e+00
2.997859730576368786e+00
2.999943296832496387e+00
3.002205658462123949e+00
3.004611768040521991e+00
3.007122364557558658e+00
3.009695662555145201e+00
3.012288931426576166e+00
3.014860252115501016e+00
3.017370295638245548e+00
3.019783853081034586e+00
3.022071092261707559e+00
3.024208572926952332e+00
3.026179892771860391e+00
3.027976027218725719e+00
3.029595375771641841e+00
3.031043532238597127e+00
3.032332667628452771e+00
3.033480598673016448e+00
3.034509484578649552e+00
3.035444270929616106e+00
3.036311023316230706e+00
3.037135152915435565e+00
3.037939886219986896e+00
3.038744932859080983e+00
3.039565542854434810e+00
3.040411950201450164e+00
3.041289563888383896e+00
3.042199316432624201e+00
3.043138437302993715e+00
3.044101342379844866e+00
3.045080709295209243e+00
3.046068560838333106e+00
3.047057298575778450e+00
3.048040586503276472e+00
3.049014039481983573e+00
3.049975806436223902e+00
3.050927332915761347e+00
3.051873763211668589e+00
3.052824214962555516e+00
3.053791412232797153e+00
3.054793038959283447e+00
3.055847120196406141e+00
3.056972539340136574e+00
3.058188333043564189e+00
3.059518972092047040e+00
3.060985605719654945e+00
3.062604300172047100e+00
3.064385460689682983e+00
3.066334945937081891e+00
3.068453109159585246e+00
3.070734178679671800e+00
3.073166267683751673e+00
3.075731517293460726e+00
3.078406833291351230e+00
3.081164477243679034e+00
3.083973199332297188e+00
3.086799307201245401e+00
3.089608671535975848e+00
3.092366295787829511e+00
3.095037826302216466e+00
3.097585853047282178e+00
3.099981200230239597e+00
3.102198673077962265e+00
3.104215877940512680e+00
3.106013042406432501e+00
3.107572148941373680e+00
3.108880487157368311e+00
3.109929081898958447e+00
3.110712486314348268e+00
3.111228859812915637e+00
3.111479253357367636e+00
3.111467188372460946e+00
3.111197775343997662e+00
3.110677337560680655e+00
3.109913083377619181e+00
3.108912818470755290e+00
3.107684967628762340e+00
3.106238538515718517e+00
3.104583464689540939e+00
3.102731010785759302e+00
3.100693977365175158e+00
3.098487412125206397e+00
3.096128826477574592e+00
3.093638909249035951e+00
3.091041735948077740e+00
3.088364819492145585e+00
3.085638701972757136e+00
3.082896811976787443e+00
3.080174660611898041e+00
3.077508947817248153e+00
3.074936597529966065e+00
3.072493344435669460e+00
3.070212393107081716e+00
3.068123213086785483e+00
3.066250237114618749e+00
3.064612039115910846e+00
3.063220730213418452e+00
3.062081618618620826e+00
3.061193195326446848e+00
3.060547415553533046e+00
3.060130178920584587e+00
3.059922044995611046e+00
3.059899016965045515e+00
3.060033539200756270e+00
3.060295587811139750e+00
3.060654025889798735e+00
3.061078213757833399e+00
3.061539453431927793e+00
3.062012873985059613e+00
3.062478531388376446e+00
3.062922721213238386e+00
3.063338520500371587e+00
3.063726137193872656e+00
3.064092750914024776e+00
3.064451905953254673e+00
3.064822629947473676e+00
3.065228322586717624e+00
3.065695422426969685e+00
3.066251995795165275e+00
3.066926362423441521e+00
3.067745694697650016e+00
3.068734739767722264e+00
3.069914685952389810e+00
3.071302209364745739e+00
3.072908698965271412e+00
3.074739735143585229e+00
3.076794770274330126e+00
3.079067100400477486e+00
3.081544055398290904e+00
3.084207433987698810e+00
3.087034137356861940e+00
3.089996919267633313e+00
3.093065289985682309e+00
3.096206539199216845e+00
3.099386850415529082e+00
3.102572466487746095e+00
3.105730792018110975e+00
3.108831336736737949e+00
3.111846380531052336e+00
3.114751795226308406e+00
3.117527252671239424e+00
3.120156354524453945e+00
3.122626926268527114e+00
3.124931127031838951e+00
3.127065394853137725e+00
3.129030154944949516e+00
3.130829250202652680e+00
3.132469540054852786e+00
3.133960187255625751e+00
3.135311883624552820e+00
3.136535638314446928e+00
3.137641880472709310e+00
3.138639730995147481e+00
3.139536527129731081e+00
3.140337562496808843e+00
3.141046209931745548e+00
3.141664330724004195e+00
3.142192754526362819e+00
3.142631950017569231e+00
3.142982632157165668e+00
3.143246698269267725e+00
3.143427828245583200e+00
3.143532222471462578e+00
3.143569067268397355e+00
3.143550601710615400e+00
3.143491874131095987e+00
3.143410246163833577e+00
3.143324283411937259e+00
3.143252391081901465e+00
3.143211120288640359e+00
3.143213536915035800e+00
3.143267988715785055e+00
3.143377561599500325e+00
3.143540155055784879e+00
3.143748954956847363e+00
3.143993129138580311e+00
3.144258695579293050e+00
3.144529393840741260e+00
3.144788081180424744e+00
3.145017626352815565e+00
3.145202012517380297e+00
3.145327441410574743e+00
3.145382990260526146e+00
3.145361034226609398e+00
3.145258595290460590e+00
3.145077824742182671e+00
3.144826163853189360e+00
3.144515643255435311e+00
3.144163325750799487e+00
3.143790298110749060e+00
3.143421075398392439e+00
3.143082776879707385e+00
3.142804001410487214e+00
3.142613693802611685e+00
3.142540082692165448e+00
3.142609631721700492e+00
3.142845740742702620e+00
3.143267834412742712e+00
3.143890732209465355e+00
3.144724309476833124e+00
3.145773297399215185e+00
3.147037101894453848e+00
3.148509548541918335e+00
3.150179471844392065e+00
3.152031159123085846e+00
3.154045229590673127e+00
3.156199325573675996e+00
3.158469229083752161e+00
3.160829786952697340e+00
3.163255902118354168e+00
3.165723435984690415e+00
3.168209949756474408e+00
3.170695141258551342e+00
3.173161218854121834e+00
3.175592793936782066e+00
3.177976893199631725e+00
3.180302541526477622e+00
3.182560255830665152e+00
3.184740820729047517e+00
3.186835379772957388e+00
3.188833905779160816e+00
3.190725194656272468e+00
3.192495630530304496e+00
3.194128663795399614e+00
3.195603778806750839e+00
3.196896829370927229e+00
3.197980600170804433e+00
3.198825489265789024e+00
3.199400122177160632e+00
3.199672519510170954e+00
3.199611309802846471e+00
3.199187046275848267e+00
3.198373593017374894e+00
3.197149529785959121e+00
3.195499407947188786e+00
3.193414771551381204e+00
3.190894875909891848e+00
3.187947139427140364e+00
3.184587123508399120e+00
3.180838094152935280e+00
3.176730324970350239e+00
3.172300124827703627e+00
3.167588596502896259e+00
3.162640102813861542e+00
3.157500479388670733e+00
3.152215391923644638e+00
3.146828962023825671e+00
3.141382847890843433e+00
3.135914758455408347e+00
3.130457035481695627e+00
3.125039265445553660e+00
3.119683616076014854e+00
3.114406177200807591e+00
3.109226864314198036e+00
3.104155054668818359e+00
3.099194371819316896e+00
3.094343533820521408e+00
3.089597414580874002e+00
3.084947174489530930e+00
3.080380506613388913e+00
3.075881601573354551e+00
3.071431583020505229e+00
3.067008940979508491e+00
3.062589916617553421e+00
3.058148858345233201e+00
3.053657602348873734e+00
3.049088444523748720e+00
3.044398404772448608e+00
3.039532095278809187e+00
3.034450380583902263e+00
3.029130387886566300e+00
3.023559910955345487e+00
3.017737030286929301e+00
3.011672032863824899e+00
3.005388571626725458e+00
2.998925876272821256e+00
2.992338459657150729e+00
2.985692644712068411e+00
2.979058766480028542e+00
2.972500525976438102e+00
2.966066402341867914e+00
2.959785298227425088e+00
2.953665892816509597e+00
2.947699161745274132e+00
2.941863316604209633e+00
2.936129956052280221e+00
2.930449625039811767e+00
2.924763736854949059e+00
2.919046642102157030e+00
2.913294478633947193e+00
2.907518870676348399e+00
2.901747079485585079e+00
2.896019208032891257e+00
2.890386037716796697e+00
2.884905354975431546e+00
2.879636438031617729e+00
2.874634108022947387e+00
2.869943974439827628e+00
2.865599783322906990e+00
2.861622939596141446e+00
2.858023426489697538e+00
2.854801465118669945e+00
